# k [h/Mpc]   P(k) [(Mpc/h)^3] at z=99
1.000000e-04 4.172217e+02
1.008096e-04 4.204791e+02
1.016257e-04 4.237620e+02
1.024484e-04 4.270704e+02
1.032778e-04 4.304047e+02
1.041139e-04 4.337649e+02
1.049568e-04 4.371514e+02
1.058065e-04 4.405642e+02
1.066631e-04 4.440037e+02
1.075266e-04 4.474700e+02
1.083971e-04 4.509633e+02
1.092746e-04 4.544839e+02
1.101593e-04 4.580319e+02
1.110511e-04 4.616076e+02
1.119501e-04 4.652111e+02
1.128564e-04 4.688428e+02
1.137701e-04 4.725028e+02
1.146911e-04 4.761913e+02
1.156196e-04 4.799085e+02
1.165556e-04 4.836548e+02
1.174992e-04 4.874303e+02
1.184505e-04 4.912351e+02
1.194094e-04 4.950697e+02
1.203761e-04 4.989341e+02
1.213506e-04 5.028287e+02
1.223330e-04 5.067536e+02
1.233234e-04 5.107091e+02
1.243218e-04 5.146955e+02
1.253283e-04 5.187129e+02
1.263429e-04 5.227616e+02
1.273657e-04 5.268419e+02
1.283968e-04 5.309539e+02
1.294363e-04 5.350980e+02
1.304842e-04 5.392744e+02
1.315405e-04 5.434833e+02
1.326054e-04 5.477251e+02
1.336790e-04 5.519998e+02
1.347612e-04 5.563079e+02
1.358522e-04 5.606495e+02
1.369520e-04 5.650250e+02
1.380607e-04 5.694345e+02
1.391784e-04 5.738784e+02
1.403051e-04 5.783569e+02
1.414410e-04 5.828703e+02
1.425861e-04 5.874189e+02
1.437404e-04 5.920028e+02
1.449041e-04 5.966225e+02
1.460772e-04 6.012781e+02
1.472597e-04 6.059700e+02
1.484519e-04 6.106984e+02
1.496537e-04 6.154637e+02
1.508653e-04 6.202660e+02
1.520866e-04 6.251058e+02
1.533179e-04 6.299832e+02
1.545591e-04 6.348985e+02
1.558103e-04 6.398522e+02
1.570717e-04 6.448444e+02
1.583433e-04 6.498754e+02
1.596252e-04 6.549457e+02
1.609175e-04 6.600553e+02
1.622202e-04 6.652048e+02
1.635335e-04 6.703943e+02
1.648574e-04 6.756241e+02
1.661921e-04 6.808947e+02
1.675375e-04 6.862063e+02
1.688938e-04 6.915592e+02
1.702611e-04 6.969537e+02
1.716395e-04 7.023902e+02
1.730291e-04 7.078690e+02
1.744299e-04 7.133903e+02
1.758420e-04 7.189547e+02
1.772655e-04 7.245622e+02
1.787006e-04 7.302134e+02
1.801473e-04 7.359086e+02
1.816057e-04 7.416480e+02
1.830760e-04 7.474320e+02
1.845581e-04 7.532610e+02
1.860522e-04 7.591353e+02
1.875584e-04 7.650553e+02
1.890768e-04 7.710213e+02
1.906075e-04 7.770336e+02
1.921506e-04 7.830927e+02
1.937062e-04 7.891988e+02
1.952744e-04 7.953524e+02
1.968553e-04 8.015537e+02
1.984490e-04 8.078033e+02
2.000555e-04 8.141014e+02
2.016751e-04 8.204484e+02
2.033078e-04 8.268447e+02
2.049537e-04 8.332906e+02
2.066130e-04 8.397866e+02
2.082856e-04 8.463330e+02
2.099719e-04 8.529303e+02
2.116717e-04 8.595787e+02
2.133853e-04 8.662787e+02
2.151128e-04 8.730308e+02
2.168543e-04 8.798352e+02
2.186099e-04 8.866924e+02
2.203797e-04 8.936028e+02
2.221638e-04 9.005668e+02
2.239624e-04 9.075849e+02
2.257755e-04 9.146573e+02
2.276033e-04 9.217847e+02
2.294459e-04 9.289672e+02
2.313034e-04 9.362055e+02
2.331760e-04 9.434999e+02
2.350637e-04 9.508508e+02
2.369667e-04 9.582587e+02
2.388851e-04 9.657240e+02
2.408191e-04 9.732471e+02
2.427686e-04 9.808285e+02
2.447340e-04 9.884687e+02
2.467153e-04 9.961680e+02
2.487126e-04 1.003927e+03
2.507261e-04 1.011746e+03
2.527559e-04 1.019626e+03
2.548022e-04 1.027566e+03
2.568650e-04 1.035568e+03
2.589444e-04 1.043632e+03
2.610408e-04 1.051758e+03
2.631541e-04 1.059948e+03
2.652845e-04 1.068200e+03
2.674321e-04 1.076517e+03
2.695972e-04 1.084897e+03
2.717798e-04 1.093343e+03
2.739800e-04 1.101854e+03
2.761981e-04 1.110430e+03
2.784341e-04 1.119073e+03
2.806882e-04 1.127783e+03
2.829605e-04 1.136560e+03
2.852513e-04 1.145404e+03
2.875606e-04 1.154317e+03
2.898886e-04 1.163299e+03
2.922354e-04 1.172350e+03
2.946013e-04 1.181471e+03
2.969863e-04 1.190663e+03
2.993906e-04 1.199925e+03
3.018143e-04 1.209259e+03
3.042577e-04 1.218665e+03
3.067209e-04 1.228143e+03
3.092040e-04 1.237695e+03
3.117072e-04 1.247320e+03
3.142307e-04 1.257019e+03
3.167746e-04 1.266793e+03
3.193391e-04 1.276642e+03
3.219244e-04 1.286568e+03
3.245306e-04 1.296569e+03
3.271579e-04 1.306648e+03
3.298064e-04 1.316804e+03
3.324764e-04 1.327038e+03
3.351681e-04 1.337351e+03
3.378815e-04 1.347744e+03
3.406169e-04 1.358216e+03
3.433744e-04 1.368769e+03
3.461542e-04 1.379403e+03
3.489566e-04 1.390118e+03
3.517816e-04 1.400916e+03
3.546295e-04 1.411797e+03
3.575005e-04 1.422762e+03
3.603947e-04 1.433811e+03
3.633123e-04 1.444944e+03
3.662536e-04 1.456163e+03
3.692187e-04 1.467468e+03
3.722077e-04 1.478860e+03
3.752210e-04 1.490339e+03
3.782587e-04 1.501906e+03
3.813209e-04 1.513561e+03
3.844080e-04 1.525306e+03
3.875200e-04 1.537141e+03
3.906573e-04 1.549067e+03
3.938199e-04 1.561084e+03
3.970081e-04 1.573192e+03
4.002222e-04 1.585394e+03
4.034622e-04 1.597688e+03
4.067285e-04 1.610077e+03
4.100213e-04 1.622560e+03
4.133407e-04 1.635139e+03
4.166870e-04 1.647814e+03
4.200603e-04 1.660586e+03
4.234610e-04 1.673455e+03
4.268892e-04 1.686422e+03
4.303451e-04 1.699488e+03
4.338291e-04 1.712654e+03
4.373412e-04 1.725920e+03
4.408818e-04 1.739287e+03
4.444510e-04 1.752757e+03
4.480492e-04 1.766328e+03
4.516764e-04 1.780003e+03
4.553330e-04 1.793782e+03
4.590193e-04 1.807666e+03
4.627353e-04 1.821655e+03
4.664815e-04 1.835751e+03
4.702580e-04 1.849954e+03
4.740650e-04 1.864265e+03
4.779029e-04 1.878684e+03
4.817719e-04 1.893213e+03
4.856721e-04 1.907852e+03
4.896040e-04 1.922602e+03
4.935676e-04 1.937463e+03
4.975634e-04 1.952438e+03
5.015915e-04 1.967525e+03
5.056522e-04 1.982727e+03
5.097458e-04 1.998044e+03
5.138726e-04 2.013477e+03
5.180327e-04 2.029026e+03
5.222265e-04 2.044693e+03
5.264543e-04 2.060478e+03
5.307163e-04 2.076383e+03
5.350128e-04 2.092407e+03
5.393441e-04 2.108552e+03
5.437105e-04 2.124819e+03
5.481122e-04 2.141209e+03
5.525495e-04 2.157722e+03
5.570228e-04 2.174359e+03
5.615322e-04 2.191122e+03
5.660782e-04 2.208010e+03
5.706610e-04 2.225026e+03
5.752809e-04 2.242169e+03
5.799382e-04 2.259441e+03
5.846332e-04 2.276842e+03
5.893662e-04 2.294374e+03
5.941375e-04 2.312038e+03
5.989474e-04 2.329834e+03
6.037963e-04 2.347763e+03
6.086844e-04 2.365826e+03
6.136121e-04 2.384024e+03
6.185797e-04 2.402359e+03
6.235876e-04 2.420830e+03
6.286359e-04 2.439439e+03
6.337252e-04 2.458188e+03
6.388556e-04 2.477076e+03
6.440276e-04 2.496104e+03
6.492414e-04 2.515275e+03
6.544974e-04 2.534588e+03
6.597960e-04 2.554044e+03
6.651375e-04 2.573646e+03
6.705223e-04 2.593393e+03
6.759506e-04 2.613287e+03
6.814229e-04 2.633328e+03
6.869395e-04 2.653518e+03
6.925007e-04 2.673857e+03
6.981069e-04 2.694347e+03
7.037586e-04 2.714989e+03
7.094560e-04 2.735783e+03
7.151995e-04 2.756731e+03
7.209895e-04 2.777834e+03
7.268264e-04 2.799093e+03
7.327106e-04 2.820508e+03
7.386424e-04 2.842081e+03
7.446222e-04 2.863812e+03
7.506504e-04 2.885704e+03
7.567274e-04 2.907757e+03
7.628536e-04 2.929971e+03
7.690295e-04 2.952349e+03
7.752553e-04 2.974891e+03
7.815315e-04 2.997598e+03
7.878585e-04 3.020471e+03
7.942367e-04 3.043512e+03
8.006666e-04 3.066721e+03
8.071486e-04 3.090100e+03
8.136830e-04 3.113649e+03
8.202703e-04 3.137370e+03
8.269109e-04 3.161264e+03
8.336053e-04 3.185331e+03
8.403539e-04 3.209574e+03
8.471572e-04 3.233993e+03
8.540155e-04 3.258589e+03
8.609293e-04 3.283364e+03
8.678991e-04 3.308318e+03
8.749253e-04 3.333453e+03
8.820084e-04 3.358770e+03
8.891489e-04 3.384270e+03
8.963471e-04 3.409953e+03
9.036037e-04 3.435822e+03
9.109190e-04 3.461878e+03
9.182935e-04 3.488121e+03
9.257277e-04 3.514553e+03
9.332221e-04 3.541174e+03
9.407771e-04 3.567987e+03
9.483933e-04 3.594992e+03
9.560712e-04 3.622190e+03
9.638113e-04 3.649583e+03
9.716140e-04 3.677171e+03
9.794798e-04 3.704957e+03
9.874094e-04 3.732940e+03
9.954031e-04 3.761123e+03
1.003462e-03 3.789507e+03
1.011585e-03 3.818091e+03
1.019775e-03 3.846879e+03
1.028031e-03 3.875871e+03
1.036353e-03 3.905068e+03
1.044743e-03 3.934472e+03
1.053201e-03 3.964083e+03
1.061727e-03 3.993903e+03
1.070323e-03 4.023933e+03
1.078988e-03 4.054175e+03
1.087723e-03 4.084629e+03
1.096529e-03 4.115296e+03
1.105406e-03 4.146179e+03
1.114355e-03 4.177278e+03
1.123376e-03 4.208594e+03
1.132471e-03 4.240128e+03
1.141639e-03 4.271883e+03
1.150881e-03 4.303858e+03
1.160198e-03 4.336056e+03
1.169591e-03 4.368477e+03
1.179060e-03 4.401123e+03
1.188605e-03 4.433994e+03
1.198227e-03 4.467093e+03
1.207928e-03 4.500420e+03
1.217707e-03 4.533977e+03
1.227565e-03 4.567764e+03
1.237503e-03 4.601784e+03
1.247521e-03 4.636036e+03
1.257621e-03 4.670523e+03
1.267802e-03 4.705246e+03
1.278066e-03 4.740205e+03
1.288413e-03 4.775403e+03
1.298843e-03 4.810840e+03
1.309358e-03 4.846517e+03
1.319959e-03 4.882437e+03
1.330644e-03 4.918599e+03
1.341417e-03 4.955005e+03
1.352277e-03 4.991657e+03
1.363224e-03 5.028555e+03
1.374260e-03 5.065702e+03
1.385386e-03 5.103097e+03
1.396602e-03 5.140742e+03
1.407908e-03 5.178639e+03
1.419306e-03 5.216788e+03
1.430796e-03 5.255191e+03
1.442379e-03 5.293849e+03
1.454057e-03 5.332763e+03
1.465828e-03 5.371935e+03
1.477695e-03 5.411365e+03
1.489658e-03 5.451054e+03
1.501718e-03 5.491004e+03
1.513875e-03 5.531217e+03
1.526131e-03 5.571692e+03
1.538486e-03 5.612431e+03
1.550941e-03 5.653436e+03
1.563497e-03 5.694708e+03
1.576155e-03 5.736247e+03
1.588915e-03 5.778055e+03
1.601778e-03 5.820132e+03
1.614745e-03 5.862481e+03
1.627818e-03 5.905101e+03
1.640996e-03 5.947995e+03
1.654281e-03 5.991163e+03
1.667674e-03 6.034607e+03
1.681175e-03 6.078327e+03
1.694785e-03 6.122324e+03
1.708505e-03 6.166600e+03
1.722337e-03 6.211155e+03
1.736280e-03 6.255991e+03
1.750337e-03 6.301109e+03
1.764507e-03 6.346509e+03
1.778792e-03 6.392193e+03
1.793192e-03 6.438161e+03
1.807709e-03 6.484415e+03
1.822344e-03 6.530955e+03
1.837097e-03 6.577783e+03
1.851969e-03 6.624900e+03
1.866962e-03 6.672305e+03
1.882077e-03 6.720001e+03
1.897313e-03 6.767988e+03
1.912673e-03 6.816268e+03
1.928158e-03 6.864840e+03
1.943768e-03 6.913706e+03
1.959504e-03 6.962867e+03
1.975367e-03 7.012323e+03
1.991359e-03 7.062076e+03
2.007480e-03 7.112125e+03
2.023732e-03 7.162473e+03
2.040116e-03 7.213120e+03
2.056632e-03 7.264066e+03
2.073282e-03 7.315312e+03
2.090066e-03 7.366859e+03
2.106987e-03 7.418708e+03
2.124044e-03 7.470859e+03
2.141240e-03 7.523313e+03
2.158575e-03 7.576071e+03
2.176050e-03 7.629134e+03
2.193666e-03 7.682501e+03
2.211426e-03 7.736173e+03
2.229329e-03 7.790152e+03
2.247377e-03 7.844438e+03
2.265571e-03 7.899030e+03
2.283912e-03 7.953931e+03
2.302402e-03 8.009139e+03
2.321041e-03 8.064657e+03
2.339832e-03 8.120483e+03
2.358774e-03 8.176619e+03
2.377870e-03 8.233065e+03
2.397120e-03 8.289822e+03
2.416527e-03 8.346889e+03
2.436090e-03 8.404267e+03
2.455812e-03 8.461957e+03
2.475693e-03 8.519958e+03
2.495736e-03 8.578271e+03
2.515940e-03 8.636897e+03
2.536309e-03 8.695834e+03
2.556842e-03 8.755085e+03
2.577541e-03 8.814648e+03
2.598408e-03 8.874523e+03
2.619444e-03 8.934712e+03
2.640650e-03 8.995214e+03
2.662028e-03 9.056028e+03
2.683579e-03 9.117156e+03
2.705304e-03 9.178597e+03
2.727205e-03 9.240350e+03
2.749284e-03 9.302417e+03
2.771541e-03 9.364796e+03
2.793979e-03 9.427488e+03
2.816598e-03 9.490492e+03
2.839400e-03 9.553808e+03
2.862387e-03 9.617436e+03
2.885560e-03 9.681376e+03
2.908921e-03 9.745627e+03
2.932470e-03 9.810189e+03
2.956211e-03 9.875061e+03
2.980143e-03 9.940244e+03
3.004269e-03 1.000574e+04
3.028591e-03 1.007154e+04
3.053109e-03 1.013765e+04
3.077826e-03 1.020407e+04
3.102743e-03 1.027079e+04
3.127862e-03 1.033782e+04
3.153184e-03 1.040516e+04
3.178712e-03 1.047280e+04
3.204445e-03 1.054075e+04
3.230388e-03 1.060900e+04
3.256540e-03 1.067756e+04
3.282904e-03 1.074641e+04
3.309481e-03 1.081557e+04
3.336273e-03 1.088503e+04
3.363283e-03 1.095478e+04
3.390511e-03 1.102484e+04
3.417959e-03 1.109519e+04
3.445630e-03 1.116583e+04
3.473525e-03 1.123677e+04
3.501645e-03 1.130800e+04
3.529993e-03 1.137952e+04
3.558571e-03 1.145134e+04
3.587380e-03 1.152344e+04
3.616422e-03 1.159583e+04
3.645700e-03 1.166850e+04
3.675214e-03 1.174146e+04
3.704967e-03 1.181469e+04
3.734962e-03 1.188821e+04
3.765199e-03 1.196201e+04
3.795680e-03 1.203609e+04
3.826409e-03 1.211044e+04
3.857386e-03 1.218506e+04
3.888615e-03 1.225995e+04
3.920096e-03 1.233511e+04
3.951831e-03 1.241054e+04
3.983824e-03 1.248624e+04
4.016076e-03 1.256219e+04
4.048589e-03 1.263841e+04
4.081365e-03 1.271488e+04
4.114406e-03 1.279161e+04
4.147715e-03 1.286859e+04
4.181294e-03 1.294582e+04
4.215144e-03 1.302330e+04
4.249268e-03 1.310102e+04
4.283669e-03 1.317899e+04
4.318348e-03 1.325719e+04
4.353308e-03 1.333563e+04
4.388551e-03 1.341431e+04
4.424079e-03 1.349321e+04
4.459895e-03 1.357234e+04
4.496001e-03 1.365170e+04
4.532399e-03 1.373127e+04
4.569092e-03 1.381107e+04
4.606082e-03 1.389107e+04
4.643371e-03 1.397129e+04
4.680963e-03 1.405171e+04
4.718858e-03 1.413234e+04
4.757060e-03 1.421317e+04
4.795572e-03 1.429420e+04
4.834395e-03 1.437541e+04
4.873533e-03 1.445682e+04
4.912988e-03 1.453841e+04
4.952762e-03 1.462018e+04
4.992858e-03 1.470213e+04
5.033278e-03 1.478424e+04
5.074026e-03 1.486653e+04
5.115104e-03 1.494898e+04
5.156514e-03 1.503158e+04
5.198259e-03 1.511434e+04
5.240343e-03 1.519725e+04
5.282767e-03 1.528029e+04
5.325534e-03 1.536348e+04
5.368648e-03 1.544680e+04
5.412111e-03 1.553024e+04
5.455926e-03 1.561381e+04
5.500095e-03 1.569749e+04
5.544622e-03 1.578129e+04
5.589509e-03 1.586520e+04
5.634760e-03 1.594920e+04
5.680377e-03 1.603331e+04
5.726364e-03 1.611751e+04
5.772723e-03 1.620179e+04
5.819457e-03 1.628616e+04
5.866569e-03 1.637061e+04
5.914063e-03 1.645513e+04
5.961941e-03 1.653971e+04
6.010207e-03 1.662436e+04
6.058864e-03 1.670906e+04
6.107914e-03 1.679381e+04
6.157362e-03 1.687859e+04
6.207210e-03 1.696341e+04
6.257462e-03 1.704825e+04
6.308120e-03 1.713310e+04
6.359189e-03 1.721796e+04
6.410670e-03 1.730281e+04
6.462569e-03 1.738766e+04
6.514888e-03 1.747248e+04
6.567630e-03 1.755727e+04
6.620800e-03 1.764202e+04
6.674400e-03 1.772672e+04
6.728433e-03 1.781137e+04
6.782905e-03 1.789595e+04
6.837817e-03 1.798047e+04
6.893173e-03 1.806490e+04
6.948978e-03 1.814924e+04
7.005235e-03 1.823349e+04
7.061947e-03 1.831763e+04
7.119118e-03 1.840166e+04
7.176752e-03 1.848557e+04
7.234853e-03 1.856935e+04
7.293424e-03 1.865298e+04
7.352469e-03 1.873647e+04
7.411992e-03 1.881981e+04
7.471998e-03 1.890297e+04
7.532488e-03 1.898597e+04
7.593469e-03 1.906878e+04
7.654943e-03 1.915139e+04
7.716915e-03 1.923381e+04
7.779389e-03 1.931601e+04
7.842368e-03 1.939799e+04
7.905857e-03 1.947975e+04
7.969861e-03 1.956126e+04
8.034382e-03 1.964253e+04
8.099426e-03 1.972354e+04
8.164996e-03 1.980428e+04
8.231097e-03 1.988474e+04
8.297733e-03 1.996491e+04
8.364909e-03 2.004477e+04
8.432629e-03 2.012432e+04
8.500897e-03 2.020355e+04
8.569717e-03 2.028243e+04
8.639095e-03 2.036097e+04
8.709034e-03 2.043915e+04
8.779539e-03 2.051695e+04
8.850616e-03 2.059436e+04
8.922267e-03 2.067138e+04
8.994499e-03 2.074799e+04
9.067316e-03 2.082417e+04
9.140722e-03 2.089992e+04
9.214722e-03 2.097522e+04
9.289321e-03 2.105005e+04
9.364525e-03 2.112441e+04
9.440337e-03 2.119828e+04
9.516763e-03 2.127164e+04
9.593807e-03 2.134449e+04
9.671476e-03 2.141681e+04
9.749773e-03 2.148858e+04
9.828704e-03 2.155980e+04
9.908274e-03 2.163044e+04
9.988488e-03 2.170050e+04
1.006935e-02 2.176995e+04
1.015087e-02 2.183880e+04
1.023305e-02 2.190701e+04
1.031589e-02 2.197457e+04
1.039941e-02 2.204148e+04
1.048360e-02 2.210771e+04
1.056847e-02 2.217326e+04
1.065403e-02 2.223810e+04
1.074028e-02 2.230222e+04
1.082723e-02 2.236561e+04
1.091488e-02 2.242825e+04
1.100324e-02 2.249013e+04
1.109232e-02 2.255123e+04
1.118212e-02 2.261153e+04
1.127265e-02 2.267102e+04
1.136391e-02 2.272969e+04
1.145591e-02 2.278751e+04
1.154865e-02 2.284447e+04
1.164215e-02 2.290056e+04
1.173640e-02 2.295575e+04
1.183141e-02 2.301004e+04
1.192719e-02 2.306341e+04
1.202375e-02 2.311584e+04
1.212109e-02 2.316732e+04
1.221922e-02 2.321782e+04
1.231814e-02 2.326734e+04
1.241787e-02 2.331584e+04
1.251840e-02 2.336333e+04
1.261974e-02 2.340977e+04
1.272191e-02 2.345516e+04
1.282490e-02 2.349947e+04
1.292873e-02 2.354269e+04
1.303339e-02 2.358480e+04
1.313891e-02 2.362578e+04
1.324528e-02 2.366562e+04
1.335251e-02 2.370430e+04
1.346060e-02 2.374181e+04
1.356958e-02 2.377811e+04
1.367943e-02 2.381321e+04
1.379018e-02 2.384708e+04
1.390182e-02 2.387969e+04
1.401436e-02 2.391105e+04
1.412782e-02 2.394112e+04
1.424219e-02 2.396989e+04
1.435749e-02 2.399735e+04
1.447372e-02 2.402347e+04
1.459090e-02 2.404825e+04
1.470902e-02 2.407166e+04
1.482810e-02 2.409368e+04
1.494814e-02 2.411431e+04
1.506916e-02 2.413352e+04
1.519116e-02 2.415129e+04
1.531414e-02 2.416762e+04
1.543812e-02 2.418247e+04
1.556310e-02 2.419585e+04
1.568909e-02 2.420772e+04
1.581611e-02 2.421808e+04
1.594415e-02 2.422690e+04
1.607323e-02 2.423419e+04
1.620335e-02 2.423991e+04
1.633453e-02 2.424405e+04
1.646677e-02 2.424660e+04
1.660008e-02 2.424755e+04
1.673446e-02 2.424687e+04
1.686994e-02 2.424455e+04
1.700651e-02 2.424059e+04
1.714419e-02 2.423496e+04
1.728299e-02 2.422765e+04
1.742290e-02 2.421866e+04
1.756395e-02 2.420795e+04
1.770615e-02 2.419554e+04
1.784949e-02 2.418139e+04
1.799399e-02 2.416550e+04
1.813967e-02 2.414787e+04
1.828652e-02 2.412847e+04
1.843456e-02 2.410730e+04
1.858380e-02 2.408434e+04
1.873425e-02 2.405960e+04
1.888592e-02 2.403305e+04
1.903881e-02 2.400469e+04
1.919294e-02 2.397451e+04
1.934832e-02 2.394251e+04
1.950496e-02 2.390867e+04
1.966287e-02 2.387300e+04
1.982205e-02 2.383547e+04
1.998252e-02 2.379610e+04
2.014430e-02 2.375487e+04
2.030738e-02 2.371178e+04
2.047178e-02 2.366683e+04
2.063751e-02 2.362001e+04
2.080459e-02 2.357133e+04
2.097301e-02 2.352077e+04
2.114280e-02 2.346835e+04
2.131397e-02 2.341406e+04
2.148652e-02 2.335791e+04
2.166047e-02 2.329988e+04
2.183582e-02 2.323998e+04
2.201260e-02 2.317823e+04
2.219081e-02 2.311461e+04
2.237046e-02 2.304915e+04
2.255156e-02 2.298184e+04
2.273413e-02 2.291270e+04
2.291818e-02 2.284173e+04
2.310372e-02 2.276894e+04
2.329076e-02 2.269435e+04
2.347931e-02 2.261795e+04
2.366939e-02 2.253976e+04
2.386101e-02 2.245979e+04
2.405418e-02 2.237806e+04
2.424892e-02 2.229458e+04
2.444523e-02 2.220936e+04
2.464313e-02 2.212243e+04
2.484263e-02 2.203381e+04
2.504375e-02 2.194352e+04
2.524650e-02 2.185157e+04
2.545088e-02 2.175800e+04
2.565692e-02 2.166282e+04
2.586463e-02 2.156605e+04
2.607403e-02 2.146772e+04
2.628511e-02 2.136785e+04
2.649791e-02 2.126647e+04
2.671243e-02 2.116359e+04
2.692868e-02 2.105927e+04
2.714669e-02 2.095352e+04
2.736646e-02 2.084638e+04
2.758801e-02 2.073790e+04
2.781135e-02 2.062810e+04
2.803650e-02 2.051702e+04
2.826348e-02 2.040470e+04
2.849229e-02 2.029117e+04
2.872295e-02 2.017646e+04
2.895549e-02 2.006062e+04
2.918990e-02 1.994368e+04
2.942621e-02 1.982566e+04
2.966444e-02 1.970664e+04
2.990459e-02 1.958664e+04
3.014669e-02 1.946573e+04
3.039075e-02 1.934396e+04
3.063678e-02 1.922137e+04
3.088481e-02 1.909801e+04
3.113484e-02 1.897393e+04
3.138690e-02 1.884919e+04
3.164099e-02 1.872381e+04
3.189715e-02 1.859786e+04
3.215538e-02 1.847138e+04
3.241570e-02 1.834441e+04
3.267812e-02 1.821701e+04
3.294268e-02 1.808925e+04
3.320937e-02 1.796117e+04
3.347822e-02 1.783283e+04
3.374925e-02 1.770430e+04
3.402247e-02 1.757563e+04
3.429791e-02 1.744687e+04
3.457557e-02 1.731808e+04
3.485549e-02 1.718931e+04
3.513766e-02 1.706061e+04
3.542213e-02 1.693202e+04
3.570889e-02 1.680360e+04
3.599798e-02 1.667541e+04
3.628941e-02 1.654751e+04
3.658320e-02 1.641997e+04
3.687936e-02 1.629286e+04
3.717792e-02 1.616624e+04
3.747890e-02 1.604019e+04
3.778232e-02 1.591474e+04
3.808820e-02 1.578997e+04
3.839654e-02 1.566594e+04
3.870739e-02 1.554269e+04
3.902075e-02 1.542028e+04
3.933665e-02 1.529876e+04
3.965511e-02 1.517818e+04
3.997614e-02 1.505858e+04
4.029978e-02 1.493997e+04
4.062603e-02 1.482239e+04
4.095493e-02 1.470587e+04
4.128648e-02 1.459044e+04
4.162073e-02 1.447612e+04
4.195767e-02 1.436293e+04
4.229735e-02 1.425091e+04
4.263978e-02 1.414007e+04
4.298497e-02 1.403044e+04
4.333297e-02 1.392204e+04
4.368377e-02 1.381488e+04
4.403742e-02 1.370904e+04
4.439394e-02 1.360456e+04
4.475334e-02 1.350152e+04
4.511564e-02 1.339996e+04
4.548089e-02 1.329996e+04
4.584908e-02 1.320156e+04
4.622026e-02 1.310482e+04
4.659445e-02 1.300979e+04
4.697166e-02 1.291652e+04
4.735193e-02 1.282507e+04
4.773527e-02 1.273546e+04
4.812172e-02 1.264774e+04
4.851130e-02 1.256185e+04
4.890403e-02 1.247773e+04
4.929994e-02 1.239530e+04
4.969906e-02 1.231451e+04
5.010141e-02 1.223529e+04
5.050701e-02 1.215758e+04
5.091590e-02 1.208132e+04
5.132810e-02 1.200645e+04
5.174363e-02 1.193292e+04
5.216253e-02 1.186067e+04
5.258482e-02 1.178965e+04
5.301053e-02 1.171980e+04
5.343969e-02 1.165107e+04
5.387232e-02 1.158341e+04
5.430845e-02 1.151676e+04
5.474812e-02 1.145108e+04
5.519134e-02 1.138632e+04
5.563815e-02 1.132244e+04
5.608858e-02 1.125937e+04
5.654265e-02 1.119709e+04
5.700040e-02 1.113552e+04
5.746186e-02 1.107462e+04
5.792705e-02 1.101429e+04
5.839601e-02 1.095448e+04
5.886877e-02 1.089511e+04
5.934535e-02 1.083611e+04
5.982579e-02 1.077744e+04
6.031012e-02 1.071900e+04
6.079837e-02 1.066076e+04
6.129058e-02 1.060263e+04
6.178676e-02 1.054453e+04
6.228697e-02 1.048635e+04
6.279122e-02 1.042801e+04
6.329956e-02 1.036941e+04
6.381201e-02 1.031047e+04
6.432862e-02 1.025109e+04
6.484940e-02 1.019120e+04
6.537440e-02 1.013071e+04
6.590365e-02 1.006951e+04
6.643718e-02 1.000748e+04
6.697504e-02 9.944483e+03
6.751724e-02 9.880405e+03
6.806384e-02 9.815128e+03
6.861486e-02 9.748538e+03
6.917035e-02 9.680527e+03
6.973033e-02 9.610992e+03
7.029484e-02 9.539855e+03
7.086393e-02 9.467062e+03
7.143762e-02 9.392564e+03
7.201595e-02 9.316314e+03
7.259897e-02 9.238270e+03
7.318671e-02 9.158394e+03
7.377920e-02 9.076652e+03
7.437650e-02 8.993027e+03
7.497862e-02 8.907551e+03
7.558563e-02 8.820266e+03
7.619754e-02 8.731218e+03
7.681441e-02 8.640455e+03
7.743628e-02 8.548026e+03
7.806318e-02 8.453981e+03
7.869515e-02 8.358385e+03
7.933224e-02 8.261357e+03
7.997449e-02 8.163032e+03
8.062194e-02 8.063543e+03
8.127463e-02 7.963018e+03
8.193260e-02 7.861584e+03
8.259590e-02 7.759364e+03
8.326457e-02 7.656495e+03
8.393865e-02 7.553140e+03
8.461819e-02 7.449460e+03
8.530323e-02 7.345611e+03
8.599382e-02 7.241741e+03
8.669000e-02 7.137992e+03
8.739181e-02 7.034506e+03
8.809931e-02 6.931441e+03
8.881253e-02 6.828957e+03
8.953153e-02 6.727206e+03
9.025634e-02 6.626331e+03
9.098703e-02 6.526467e+03
9.172363e-02 6.427745e+03
9.246620e-02 6.330321e+03
9.321477e-02 6.234354e+03
9.396941e-02 6.139994e+03
9.473015e-02 6.047380e+03
9.549706e-02 5.956640e+03
9.627017e-02 5.867897e+03
9.704954e-02 5.781261e+03
9.783522e-02 5.696850e+03
9.862727e-02 5.614777e+03
9.942572e-02 5.535148e+03
1.002306e-01 5.458062e+03
1.010421e-01 5.383611e+03
1.018601e-01 5.311881e+03
1.026847e-01 5.242941e+03
1.035160e-01 5.176798e+03
1.043540e-01 5.113440e+03
1.051989e-01 5.052856e+03
1.060505e-01 4.995037e+03
1.069091e-01 4.939973e+03
1.077746e-01 4.887653e+03
1.086471e-01 4.837990e+03
1.095266e-01 4.790835e+03
1.104133e-01 4.746042e+03
1.113072e-01 4.703470e+03
1.122083e-01 4.662988e+03
1.131167e-01 4.624465e+03
1.140325e-01 4.587726e+03
1.149556e-01 4.552542e+03
1.158863e-01 4.518689e+03
1.168245e-01 4.485949e+03
1.177702e-01 4.454112e+03
1.187237e-01 4.422972e+03
1.196848e-01 4.392303e+03
1.206537e-01 4.361872e+03
1.216305e-01 4.331452e+03
1.226152e-01 4.300821e+03
1.236078e-01 4.269764e+03
1.246085e-01 4.238078e+03
1.256173e-01 4.205582e+03
1.266343e-01 4.172107e+03
1.276595e-01 4.137488e+03
1.286930e-01 4.101569e+03
1.297348e-01 4.064207e+03
1.307851e-01 4.025317e+03
1.318439e-01 3.984843e+03
1.329113e-01 3.942735e+03
1.339873e-01 3.898949e+03
1.350720e-01 3.853455e+03
1.361655e-01 3.806285e+03
1.372678e-01 3.757512e+03
1.383791e-01 3.707209e+03
1.394994e-01 3.655452e+03
1.406287e-01 3.602327e+03
1.417672e-01 3.547980e+03
1.429149e-01 3.492580e+03
1.440719e-01 3.436288e+03
1.452383e-01 3.379262e+03
1.464141e-01 3.321678e+03
1.475994e-01 3.263770e+03
1.487943e-01 3.205771e+03
1.499989e-01 3.147900e+03
1.512132e-01 3.090367e+03
1.524374e-01 3.033418e+03
1.536715e-01 2.977326e+03
1.549156e-01 2.922344e+03
1.561697e-01 2.868704e+03
1.574340e-01 2.816623e+03
1.587085e-01 2.766304e+03
1.599934e-01 2.717933e+03
1.612886e-01 2.671683e+03
1.625944e-01 2.627691e+03
1.639107e-01 2.586002e+03
1.652377e-01 2.546631e+03
1.665754e-01 2.509598e+03
1.679239e-01 2.474898e+03
1.692834e-01 2.442418e+03
1.706538e-01 2.412016e+03
1.720354e-01 2.383561e+03
1.734281e-01 2.356914e+03
1.748322e-01 2.331884e+03
1.762475e-01 2.308272e+03
1.776744e-01 2.285888e+03
1.791128e-01 2.264537e+03
1.805628e-01 2.244003e+03
1.820246e-01 2.224069e+03
1.834982e-01 2.204528e+03
1.849837e-01 2.185162e+03
1.864813e-01 2.165738e+03
1.879910e-01 2.146030e+03
1.895129e-01 2.125823e+03
1.910472e-01 2.104921e+03
1.925938e-01 2.083141e+03
1.941530e-01 2.060309e+03
1.957248e-01 2.036305e+03
1.973093e-01 2.011083e+03
1.989067e-01 1.984610e+03
2.005169e-01 1.956879e+03
2.021403e-01 1.927981e+03
2.037767e-01 1.898043e+03
2.054264e-01 1.867189e+03
2.070895e-01 1.835594e+03
2.087660e-01 1.803465e+03
2.104561e-01 1.771001e+03
2.121599e-01 1.738408e+03
2.138775e-01 1.705907e+03
2.156090e-01 1.673708e+03
2.173545e-01 1.642012e+03
2.191141e-01 1.611018e+03
2.208880e-01 1.580911e+03
2.226762e-01 1.551858e+03
2.244789e-01 1.523989e+03
2.262962e-01 1.497422e+03
2.281283e-01 1.472245e+03
2.299751e-01 1.448479e+03
2.318369e-01 1.426135e+03
2.337138e-01 1.405192e+03
2.356059e-01 1.385566e+03
2.375133e-01 1.367166e+03
2.394361e-01 1.349879e+03
2.413745e-01 1.333548e+03
2.433286e-01 1.318020e+03
2.452985e-01 1.303118e+03
2.472843e-01 1.288648e+03
2.492863e-01 1.274418e+03
2.513044e-01 1.260232e+03
2.533389e-01 1.245895e+03
2.553898e-01 1.231234e+03
2.574574e-01 1.216116e+03
2.595417e-01 1.200423e+03
2.616428e-01 1.184097e+03
2.637610e-01 1.167134e+03
2.658963e-01 1.149549e+03
2.680489e-01 1.131417e+03
2.702190e-01 1.112834e+03
2.724066e-01 1.093907e+03
2.746119e-01 1.074767e+03
2.768351e-01 1.055538e+03
2.790762e-01 1.036357e+03
2.813355e-01 1.017356e+03
2.836131e-01 9.986696e+02
2.859092e-01 9.804330e+02
2.882238e-01 9.627683e+02
2.905572e-01 9.457820e+02
2.929094e-01 9.295641e+02
2.952807e-01 9.141546e+02
2.976712e-01 8.995719e+02
3.000811e-01 8.857853e+02
3.025104e-01 8.727281e+02
3.049595e-01 8.603140e+02
3.074283e-01 8.484279e+02
3.099172e-01 8.369545e+02
3.124261e-01 8.257736e+02
3.149554e-01 8.147707e+02
3.175052e-01 8.038406e+02
3.200756e-01 7.928863e+02
3.226669e-01 7.818265e+02
3.252791e-01 7.705914e+02
3.279124e-01 7.591367e+02
3.305671e-01 7.474353e+02
3.332433e-01 7.354963e+02
3.359411e-01 7.233515e+02
3.386608e-01 7.110650e+02
3.414024e-01 6.987191e+02
3.441663e-01 6.864087e+02
3.469526e-01 6.742319e+02
3.497614e-01 6.622758e+02
3.525930e-01 6.506166e+02
3.554474e-01 6.393070e+02
3.583250e-01 6.283852e+02
3.612259e-01 6.178677e+02
3.641503e-01 6.077590e+02
3.670983e-01 5.980461e+02
3.700702e-01 5.887042e+02
3.730662e-01 5.796912e+02
3.760864e-01 5.709530e+02
3.791311e-01 5.624229e+02
3.822004e-01 5.540306e+02
3.852946e-01 5.457065e+02
3.884138e-01 5.373942e+02
3.915583e-01 5.290509e+02
3.947282e-01 5.206566e+02
3.979238e-01 5.122092e+02
4.011452e-01 5.037245e+02
4.043928e-01 4.952307e+02
4.076666e-01 4.867630e+02
4.109670e-01 4.783602e+02
4.142940e-01 4.700608e+02
4.176480e-01 4.619019e+02
4.210291e-01 4.539184e+02
4.244377e-01 4.461404e+02
4.278738e-01 4.385901e+02
4.313377e-01 4.312742e+02
4.348297e-01 4.241846e+02
4.383499e-01 4.172954e+02
4.418986e-01 4.105732e+02
4.454761e-01 4.039830e+02
4.490825e-01 3.974967e+02
4.527182e-01 3.910912e+02
4.563832e-01 3.847476e+02
4.600779e-01 3.784472e+02
4.638026e-01 3.721753e+02
4.675574e-01 3.659250e+02
4.713426e-01 3.597036e+02
4.751584e-01 3.535310e+02
4.790051e-01 3.474329e+02
4.828830e-01 3.414335e+02
4.867923e-01 3.355484e+02
4.907332e-01 3.297862e+02
4.947060e-01 3.241500e+02
4.987110e-01 3.186411e+02
5.027484e-01 3.132585e+02
5.068185e-01 3.079971e+02
5.109215e-01 3.028462e+02
5.150578e-01 2.977890e+02
5.192275e-01 2.928068e+02
5.234310e-01 2.878840e+02
5.276685e-01 2.830126e+02
5.319403e-01 2.781925e+02
5.362468e-01 2.734273e+02
5.405880e-01 2.687211e+02
5.449645e-01 2.640769e+02
5.493763e-01 2.594990e+02
5.538239e-01 2.549949e+02
5.583075e-01 2.505744e+02
5.628273e-01 2.462438e+02
5.673838e-01 2.420024e+02
5.719772e-01 2.378432e+02
5.766077e-01 2.337583e+02
5.812757e-01 2.297423e+02
5.859815e-01 2.257932e+02
5.907255e-01 2.219076e+02
5.955078e-01 2.180790e+02
6.003288e-01 2.143011e+02
6.051889e-01 2.105721e+02
6.100883e-01 2.068963e+02
6.150274e-01 2.032800e+02
6.200064e-01 1.997261e+02
6.250258e-01 1.962328e+02
6.300858e-01 1.927982e+02
6.351868e-01 1.894255e+02
6.403290e-01 1.861144e+02
6.455129e-01 1.828620e+02
6.507388e-01 1.796657e+02
6.560070e-01 1.765230e+02
6.613178e-01 1.734316e+02
6.666716e-01 1.703904e+02
6.720688e-01 1.673987e+02
6.775096e-01 1.644558e+02
6.829945e-01 1.615610e+02
6.885238e-01 1.587137e+02
6.940979e-01 1.559133e+02
6.997171e-01 1.531589e+02
7.053817e-01 1.504501e+02
7.110923e-01 1.477862e+02
7.168490e-01 1.451666e+02
7.226524e-01 1.425905e+02
7.285028e-01 1.400575e+02
7.344005e-01 1.375668e+02
7.403460e-01 1.351179e+02
7.463396e-01 1.327102e+02
7.523817e-01 1.303431e+02
7.584727e-01 1.280159e+02
7.646131e-01 1.257281e+02
7.708031e-01 1.234792e+02
7.770433e-01 1.212684e+02
7.833340e-01 1.190953e+02
7.896756e-01 1.169594e+02
7.960686e-01 1.148599e+02
8.025133e-01 1.127965e+02
8.090102e-01 1.107685e+02
8.155596e-01 1.087754e+02
8.221621e-01 1.068167e+02
8.288181e-01 1.048919e+02
8.355279e-01 1.030002e+02
8.422921e-01 1.011413e+02
8.491110e-01 9.931455e+01
8.559852e-01 9.751943e+01
8.629149e-01 9.575541e+01
8.699008e-01 9.402199e+01
8.769432e-01 9.231865e+01
8.840427e-01 9.064490e+01
8.911996e-01 8.900023e+01
8.984145e-01 8.738418e+01
9.056877e-01 8.579625e+01
9.130199e-01 8.423599e+01
9.204114e-01 8.270293e+01
9.278628e-01 8.119662e+01
9.353744e-01 7.971661e+01
9.429469e-01 7.826246e+01
9.505807e-01 7.683374e+01
9.582763e-01 7.543003e+01
9.660342e-01 7.405090e+01
9.738549e-01 7.269594e+01
9.817389e-01 7.136474e+01
9.896867e-01 7.005692e+01
9.976989e-01 6.877207e+01
1.005776e+00 6.750981e+01
1.013918e+00 6.626976e+01
1.022127e+00 6.505154e+01
1.030402e+00 6.385479e+01
1.038743e+00 6.267916e+01
1.047153e+00 6.152428e+01
1.055630e+00 6.038982e+01
1.064176e+00 5.927544e+01
1.072791e+00 5.818080e+01
1.081476e+00 5.710558e+01
1.090232e+00 5.604944e+01
1.099058e+00 5.501206e+01
1.107955e+00 5.399314e+01
1.116925e+00 5.299237e+01
1.125967e+00 5.200943e+01
1.135083e+00 5.104402e+01
1.144272e+00 5.009586e+01
1.153536e+00 4.916465e+01
1.162874e+00 4.825010e+01
1.172289e+00 4.735194e+01
1.181779e+00 4.646988e+01
1.191346e+00 4.560364e+01
1.200991e+00 4.475297e+01
1.210714e+00 4.391760e+01
1.220515e+00 4.309726e+01
1.230396e+00 4.229169e+01
1.240357e+00 4.150066e+01
1.250399e+00 4.072390e+01
1.260522e+00 3.996117e+01
1.270726e+00 3.921224e+01
1.281014e+00 3.847686e+01
1.291384e+00 3.775480e+01
1.301839e+00 3.704583e+01
1.312378e+00 3.634972e+01
1.323003e+00 3.566625e+01
1.333713e+00 3.499521e+01
1.344511e+00 3.433637e+01
1.355395e+00 3.368952e+01
1.366368e+00 3.305445e+01
1.377430e+00 3.243096e+01
1.388581e+00 3.181884e+01
1.399823e+00 3.121790e+01
1.411155e+00 3.062794e+01
1.422579e+00 3.004877e+01
1.434096e+00 2.948020e+01
1.445706e+00 2.892205e+01
1.457410e+00 2.837412e+01
1.469209e+00 2.783624e+01
1.481103e+00 2.730824e+01
1.493094e+00 2.678994e+01
1.505181e+00 2.628117e+01
1.517367e+00 2.578175e+01
1.529651e+00 2.529154e+01
1.542034e+00 2.481035e+01
1.554518e+00 2.433804e+01
1.567103e+00 2.387444e+01
1.579790e+00 2.341941e+01
1.592579e+00 2.297278e+01
1.605472e+00 2.253442e+01
1.618470e+00 2.210417e+01
1.631572e+00 2.168188e+01
1.644781e+00 2.126743e+01
1.658097e+00 2.086066e+01
1.671520e+00 2.046144e+01
1.685052e+00 2.006963e+01
1.698694e+00 1.968511e+01
1.712446e+00 1.930774e+01
1.726309e+00 1.893740e+01
1.740285e+00 1.857395e+01
1.754374e+00 1.821728e+01
1.768576e+00 1.786727e+01
1.782894e+00 1.752378e+01
1.797328e+00 1.718672e+01
1.811878e+00 1.685595e+01
1.826547e+00 1.653137e+01
1.841334e+00 1.621287e+01
1.856241e+00 1.590033e+01
1.871268e+00 1.559365e+01
1.886418e+00 1.529272e+01
1.901689e+00 1.499744e+01
1.917085e+00 1.470771e+01
1.932605e+00 1.442342e+01
1.948251e+00 1.414448e+01
1.964023e+00 1.387079e+01
1.979923e+00 1.360225e+01
1.995952e+00 1.333878e+01
2.012110e+00 1.308027e+01
2.028400e+00 1.282664e+01
2.044821e+00 1.257780e+01
2.061375e+00 1.233366e+01
2.078064e+00 1.209413e+01
2.094887e+00 1.185914e+01
2.111846e+00 1.162859e+01
2.128943e+00 1.140242e+01
2.146178e+00 1.118052e+01
2.163553e+00 1.096284e+01
2.181069e+00 1.074929e+01
2.198726e+00 1.053979e+01
2.216526e+00 1.033428e+01
2.234470e+00 1.013267e+01
2.252560e+00 9.934892e+00
2.270796e+00 9.740883e+00
2.289179e+00 9.550569e+00
2.307712e+00 9.363882e+00
2.326394e+00 9.180755e+00
2.345228e+00 9.001123e+00
2.364214e+00 8.824920e+00
2.383354e+00 8.652084e+00
2.402649e+00 8.482551e+00
2.422100e+00 8.316261e+00
2.441709e+00 8.153154e+00
2.461476e+00 7.993170e+00
2.481403e+00 7.836252e+00
2.501492e+00 7.682341e+00
2.521743e+00 7.531384e+00
2.542158e+00 7.383324e+00
2.562739e+00 7.238107e+00
2.583486e+00 7.095681e+00
2.604401e+00 6.955993e+00
2.625485e+00 6.818992e+00
2.646740e+00 6.684628e+00
2.668168e+00 6.552852e+00
2.689768e+00 6.423615e+00
2.711544e+00 6.296870e+00
2.733495e+00 6.172569e+00
2.755625e+00 6.050668e+00
2.777934e+00 5.931121e+00
2.800423e+00 5.813884e+00
2.823094e+00 5.698913e+00
2.845949e+00 5.586166e+00
2.868989e+00 5.475601e+00
2.892215e+00 5.367177e+00
2.915630e+00 5.260853e+00
2.939234e+00 5.156591e+00
2.963029e+00 5.054351e+00
2.987016e+00 4.954094e+00
3.011198e+00 4.855784e+00
3.035576e+00 4.759384e+00
3.060151e+00 4.664857e+00
3.084925e+00 4.572169e+00
3.109900e+00 4.481283e+00
3.135076e+00 4.392167e+00
3.160457e+00 4.304786e+00
3.186043e+00 4.219108e+00
3.211836e+00 4.135101e+00
3.237838e+00 4.052731e+00
3.264051e+00 3.971969e+00
3.290475e+00 3.892784e+00
3.317114e+00 3.815146e+00
3.343968e+00 3.739025e+00
3.371040e+00 3.664392e+00
3.398331e+00 3.591220e+00
3.425842e+00 3.519479e+00
3.453577e+00 3.449143e+00
3.481536e+00 3.380185e+00
3.509721e+00 3.312579e+00
3.538135e+00 3.246299e+00
3.566778e+00 3.181319e+00
3.595654e+00 3.117614e+00
3.624763e+00 3.055160e+00
3.654108e+00 2.993934e+00
3.683691e+00 2.933911e+00
3.713513e+00 2.875068e+00
3.743576e+00 2.817383e+00
3.773883e+00 2.760833e+00
3.804435e+00 2.705398e+00
3.835234e+00 2.651054e+00
3.866283e+00 2.597781e+00
3.897583e+00 2.545560e+00
3.929137e+00 2.494368e+00
3.960946e+00 2.444187e+00
3.993012e+00 2.394997e+00
4.025338e+00 2.346779e+00
4.057926e+00 2.299513e+00
4.090778e+00 2.253183e+00
4.123896e+00 2.207769e+00
4.157281e+00 2.163254e+00
4.190937e+00 2.119620e+00
4.224866e+00 2.076851e+00
4.259069e+00 2.034929e+00
4.293549e+00 1.993838e+00
4.328308e+00 1.953563e+00
4.363349e+00 1.914087e+00
4.398673e+00 1.875394e+00
4.434283e+00 1.837470e+00
4.470182e+00 1.800300e+00
4.506371e+00 1.763868e+00
4.542853e+00 1.728161e+00
4.579630e+00 1.693165e+00
4.616705e+00 1.658865e+00
4.654081e+00 1.625248e+00
4.691759e+00 1.592301e+00
4.729742e+00 1.560010e+00
4.768032e+00 1.528363e+00
4.806633e+00 1.497348e+00
4.845545e+00 1.466951e+00
4.884773e+00 1.437161e+00
4.924319e+00 1.407966e+00
4.964185e+00 1.379355e+00
5.004373e+00 1.351315e+00
5.044887e+00 1.323836e+00
5.085729e+00 1.296906e+00
5.126901e+00 1.270516e+00
5.168407e+00 1.244654e+00
5.210248e+00 1.219309e+00
5.252429e+00 1.194473e+00
5.294951e+00 1.170134e+00
5.337817e+00 1.146284e+00
5.381030e+00 1.122911e+00
5.424593e+00 1.100008e+00
5.468509e+00 1.077565e+00
5.512780e+00 1.055572e+00
5.557410e+00 1.034021e+00
5.602401e+00 1.012903e+00
5.647756e+00 9.922100e-01
5.693479e+00 9.719329e-01
5.739571e+00 9.520639e-01
5.786037e+00 9.325948e-01
5.832879e+00 9.135177e-01
5.880100e+00 8.948249e-01
5.927703e+00 8.765088e-01
5.975692e+00 8.585619e-01
6.024069e+00 8.409770e-01
6.072838e+00 8.237468e-01
6.122002e+00 8.068643e-01
6.171563e+00 7.903226e-01
6.221526e+00 7.741151e-01
6.271894e+00 7.582350e-01
6.322669e+00 7.426758e-01
6.373855e+00 7.274312e-01
6.425456e+00 7.124950e-01
6.477474e+00 6.978609e-01
6.529914e+00 6.835230e-01
6.582778e+00 6.694755e-01
6.636070e+00 6.557125e-01
6.689793e+00 6.422283e-01
6.743952e+00 6.290175e-01
6.798549e+00 6.160745e-01
6.853587e+00 6.033940e-01
6.909072e+00 5.909709e-01
6.965005e+00 5.787999e-01
7.021392e+00 5.668760e-01
7.078235e+00 5.551943e-01
7.135538e+00 5.437500e-01
7.193305e+00 5.325383e-01
7.251539e+00 5.215546e-01
7.310246e+00 5.107943e-01
7.369427e+00 5.002529e-01
7.429087e+00 4.899261e-01
7.489231e+00 4.798095e-01
7.549861e+00 4.698990e-01
7.610982e+00 4.601905e-01
7.672598e+00 4.506798e-01
7.734713e+00 4.413630e-01
7.797331e+00 4.322362e-01
7.860456e+00 4.232956e-01
7.924091e+00 4.145375e-01
7.988242e+00 4.059582e-01
8.052912e+00 3.975541e-01
8.118106e+00 3.893217e-01
8.183828e+00 3.812575e-01
8.250081e+00 3.733582e-01
8.316871e+00 3.656204e-01
8.384202e+00 3.580408e-01
8.452078e+00 3.506164e-01
8.520503e+00 3.433439e-01
8.589482e+00 3.362203e-01
8.659020e+00 3.292426e-01
8.729120e+00 3.224079e-01
8.799789e+00 3.157132e-01
8.871029e+00 3.091558e-01
8.942846e+00 3.027328e-01
9.015244e+00 2.964416e-01
9.088229e+00 2.902795e-01
9.161804e+00 2.842439e-01
9.235975e+00 2.783322e-01
9.310746e+00 2.725420e-01
9.386123e+00 2.668706e-01
9.462110e+00 2.613159e-01
9.538712e+00 2.558753e-01
9.615934e+00 2.505466e-01
9.693782e+00 2.453276e-01
9.772260e+00 2.402159e-01
9.851373e+00 2.352094e-01
9.931126e+00 2.303060e-01
1.001153e+01 2.255036e-01
1.009258e+01 2.208001e-01
1.017428e+01 2.161935e-01
1.025665e+01 2.116819e-01
1.033968e+01 2.072634e-01
1.042339e+01 2.029359e-01
1.050777e+01 1.986978e-01
1.059284e+01 1.945471e-01
1.067860e+01 1.904820e-01
1.076505e+01 1.865010e-01
1.085220e+01 1.826021e-01
1.094006e+01 1.787838e-01
1.102862e+01 1.750445e-01
1.111791e+01 1.713824e-01
1.120791e+01 1.677960e-01
1.129865e+01 1.642839e-01
1.139012e+01 1.608444e-01
1.148233e+01 1.574761e-01
1.157529e+01 1.541775e-01
1.166900e+01 1.509472e-01
1.176347e+01 1.477839e-01
1.185870e+01 1.446861e-01
1.195470e+01 1.416525e-01
1.205148e+01 1.386818e-01
1.214905e+01 1.357727e-01
1.224740e+01 1.329239e-01
1.234655e+01 1.301342e-01
1.244651e+01 1.274025e-01
1.254727e+01 1.247274e-01
1.264885e+01 1.221079e-01
1.275125e+01 1.195428e-01
1.285448e+01 1.170310e-01
1.295855e+01 1.145714e-01
1.306345e+01 1.121630e-01
1.316921e+01 1.098046e-01
1.327583e+01 1.074952e-01
1.338330e+01 1.052339e-01
1.349165e+01 1.030197e-01
1.360087e+01 1.008516e-01
1.371098e+01 9.872855e-02
1.382198e+01 9.664976e-02
1.393388e+01 9.461428e-02
1.404668e+01 9.262121e-02
1.416040e+01 9.066968e-02
1.427504e+01 8.875883e-02
1.439060e+01 8.688783e-02
1.450711e+01 8.505586e-02
1.462455e+01 8.326211e-02
1.474295e+01 8.150580e-02
1.486230e+01 7.978614e-02
1.498262e+01 7.810240e-02
1.510392e+01 7.645382e-02
1.522619e+01 7.483968e-02
1.534946e+01 7.325927e-02
1.547372e+01 7.171189e-02
1.559899e+01 7.019686e-02
1.572528e+01 6.871352e-02
1.585258e+01 6.726119e-02
1.598092e+01 6.583926e-02
1.611030e+01 6.444708e-02
1.624072e+01 6.308404e-02
1.637220e+01 6.174955e-02
1.650474e+01 6.044300e-02
1.663836e+01 5.916381e-02
1.677306e+01 5.791143e-02
1.690885e+01 5.668530e-02
1.704574e+01 5.548487e-02
1.718373e+01 5.430962e-02
1.732285e+01 5.315901e-02
1.746309e+01 5.203253e-02
1.760446e+01 5.092970e-02
1.774698e+01 4.985001e-02
1.789066e+01 4.879299e-02
1.803549e+01 4.775816e-02
1.818150e+01 4.674507e-02
1.832870e+01 4.575326e-02
1.847708e+01 4.478229e-02
1.862666e+01 4.383173e-02
1.877746e+01 4.290116e-02
1.892948e+01 4.199015e-02
1.908272e+01 4.109830e-02
1.923721e+01 4.022522e-02
1.939295e+01 3.937050e-02
1.954995e+01 3.853378e-02
1.970822e+01 3.771467e-02
1.986777e+01 3.691281e-02
2.002861e+01 3.612784e-02
2.019076e+01 3.535940e-02
2.035421e+01 3.460715e-02
2.051899e+01 3.387076e-02
2.068511e+01 3.314989e-02
2.085257e+01 3.244423e-02
2.102139e+01 3.175344e-02
2.119157e+01 3.107723e-02
2.136313e+01 3.041528e-02
2.153608e+01 2.976731e-02
2.171043e+01 2.913301e-02
2.188619e+01 2.851210e-02
2.206337e+01 2.790431e-02
2.224199e+01 2.730935e-02
2.242205e+01 2.672697e-02
2.260357e+01 2.615689e-02
2.278656e+01 2.559886e-02
2.297104e+01 2.505263e-02
2.315700e+01 2.451795e-02
2.334447e+01 2.399458e-02
2.353346e+01 2.348228e-02
2.372398e+01 2.298082e-02
2.391604e+01 2.248997e-02
2.410966e+01 2.200951e-02
2.430484e+01 2.153923e-02
2.450161e+01 2.107891e-02
2.469997e+01 2.062833e-02
2.489993e+01 2.018730e-02
2.510151e+01 1.975562e-02
2.530472e+01 1.933309e-02
2.550958e+01 1.891952e-02
2.571610e+01 1.851471e-02
2.592429e+01 1.811849e-02
2.613416e+01 1.773068e-02
2.634574e+01 1.735109e-02
2.655902e+01 1.697956e-02
2.677404e+01 1.661591e-02
2.699079e+01 1.625999e-02
2.720930e+01 1.591162e-02
2.742958e+01 1.557066e-02
2.765164e+01 1.523693e-02
2.787550e+01 1.491030e-02
2.810117e+01 1.459061e-02
2.832867e+01 1.427771e-02
2.855800e+01 1.397147e-02
2.878920e+01 1.367174e-02
2.902227e+01 1.337839e-02
2.925722e+01 1.309127e-02
2.949408e+01 1.281027e-02
2.973286e+01 1.253524e-02
2.997356e+01 1.226608e-02
3.021622e+01 1.200264e-02
3.046084e+01 1.174481e-02
3.070744e+01 1.149247e-02
3.095604e+01 1.124551e-02
3.120665e+01 1.100381e-02
3.145929e+01 1.076726e-02
3.171397e+01 1.053575e-02
3.197072e+01 1.030918e-02
3.222954e+01 1.008744e-02
3.249046e+01 9.870435e-03
3.275349e+01 9.658054e-03
3.301866e+01 9.450205e-03
3.328596e+01 9.246792e-03
3.355544e+01 9.047720e-03
3.382709e+01 8.852899e-03
3.410094e+01 8.662237e-03
3.437701e+01 8.475648e-03
3.465532e+01 8.293044e-03
3.493588e+01 8.114342e-03
3.521871e+01 7.939458e-03
3.550382e+01 7.768313e-03
3.579125e+01 7.600826e-03
3.608101e+01 7.436920e-03
3.637311e+01 7.276519e-03
3.666757e+01 7.119550e-03
3.696442e+01 6.965939e-03
3.726367e+01 6.815614e-03
3.756535e+01 6.668507e-03
3.786946e+01 6.524549e-03
3.817604e+01 6.383672e-03
3.848510e+01 6.245813e-03
3.879667e+01 6.110906e-03
3.911075e+01 5.978889e-03
3.942738e+01 5.849700e-03
3.974657e+01 5.723280e-03
4.006834e+01 5.599569e-03
4.039272e+01 5.478510e-03
4.071973e+01 5.360047e-03
4.104938e+01 5.244125e-03
4.138171e+01 5.130688e-03
4.171672e+01 5.019685e-03
4.205445e+01 4.911064e-03
4.239490e+01 4.804774e-03
4.273812e+01 4.700766e-03
4.308411e+01 4.598990e-03
4.343291e+01 4.499400e-03
4.378453e+01 4.401948e-03
4.413899e+01 4.306590e-03
4.449633e+01 4.213281e-03
4.485655e+01 4.121976e-03
4.521970e+01 4.032634e-03
4.558578e+01 3.945212e-03
4.595483e+01 3.859670e-03
4.632687e+01 3.775967e-03
4.670191e+01 3.694065e-03
4.708000e+01 3.613924e-03
4.746114e+01 3.535507e-03
4.784537e+01 3.458778e-03
4.823271e+01 3.383700e-03
4.862319e+01 3.310238e-03
4.901682e+01 3.238358e-03
4.941365e+01 3.168026e-03
4.981369e+01 3.099208e-03
5.021696e+01 3.031873e-03
5.062350e+01 2.965988e-03
5.103333e+01 2.901523e-03
5.144648e+01 2.838448e-03
5.186298e+01 2.776732e-03
5.228284e+01 2.716346e-03
5.270611e+01 2.657263e-03
5.313280e+01 2.599454e-03
5.356294e+01 2.542892e-03
5.399657e+01 2.487550e-03
5.443371e+01 2.433403e-03
5.487439e+01 2.380424e-03
5.531863e+01 2.328588e-03
5.576647e+01 2.277872e-03
5.621794e+01 2.228251e-03
5.667306e+01 2.179702e-03
5.713187e+01 2.132201e-03
5.759439e+01 2.085727e-03
5.806066e+01 2.040257e-03
5.853070e+01 1.995769e-03
5.900454e+01 1.952243e-03
5.948222e+01 1.909659e-03
5.996377e+01 1.867995e-03
6.044922e+01 1.827232e-03
6.093860e+01 1.787350e-03
6.143194e+01 1.748332e-03
6.192927e+01 1.710157e-03
6.243063e+01 1.672809e-03
6.293605e+01 1.636270e-03
6.344555e+01 1.600521e-03
6.395919e+01 1.565546e-03
6.447698e+01 1.531329e-03
6.499897e+01 1.497853e-03
6.552518e+01 1.465102e-03
6.605565e+01 1.433060e-03
6.659041e+01 1.401713e-03
6.712951e+01 1.371046e-03
6.767297e+01 1.341043e-03
6.822082e+01 1.311691e-03
6.877312e+01 1.282975e-03
6.932988e+01 1.254882e-03
6.989115e+01 1.227399e-03
7.045697e+01 1.200511e-03
7.102737e+01 1.174208e-03
7.160238e+01 1.148475e-03
7.218205e+01 1.123301e-03
7.276641e+01 1.098674e-03
7.335551e+01 1.074581e-03
7.394937e+01 1.051011e-03
7.454804e+01 1.027954e-03
7.515155e+01 1.005397e-03
7.575996e+01 9.833310e-04
7.637328e+01 9.617442e-04
7.699158e+01 9.406266e-04
7.761488e+01 9.199681e-04
7.824322e+01 8.997588e-04
7.887665e+01 8.799891e-04
7.951521e+01 8.606493e-04
8.015894e+01 8.417303e-04
8.080788e+01 8.232230e-04
8.146208e+01 8.051184e-04
8.212157e+01 7.874079e-04
8.278640e+01 7.700830e-04
8.345661e+01 7.531353e-04
8.413225e+01 7.365568e-04
8.481335e+01 7.203393e-04
8.549997e+01 7.044752e-04
8.619215e+01 6.889568e-04
8.688994e+01 6.737766e-04
8.759337e+01 6.589273e-04
8.830250e+01 6.444017e-04
8.901737e+01 6.301929e-04
8.973802e+01 6.162941e-04
9.046451e+01 6.026984e-04
9.119688e+01 5.893993e-04
9.193518e+01 5.763904e-04
9.267946e+01 5.636654e-04
9.342976e+01 5.512182e-04
9.418614e+01 5.390428e-04
9.494864e+01 5.271332e-04
9.571731e+01 5.154837e-04
9.649221e+01 5.040886e-04
9.727338e+01 4.929425e-04
9.806087e+01 4.820399e-04
9.885474e+01 4.713757e-04
9.965504e+01 4.609445e-04
1.004618e+02 4.507414e-04
1.012751e+02 4.407613e-04
1.020950e+02 4.309996e-04
1.029215e+02 4.214514e-04
1.037548e+02 4.121121e-04
1.045947e+02 4.029772e-04
1.054415e+02 3.940422e-04
1.062951e+02 3.853029e-04
1.071556e+02 3.767549e-04
1.080231e+02 3.683941e-04
1.088977e+02 3.602165e-04
1.097793e+02 3.522180e-04
1.106680e+02 3.443948e-04
1.115639e+02 3.367431e-04
1.124671e+02 3.292592e-04
1.133776e+02 3.219393e-04
1.142955e+02 3.147800e-04
1.152208e+02 3.077777e-04
1.161536e+02 3.009290e-04
1.170939e+02 2.942306e-04
1.180419e+02 2.876792e-04
1.189975e+02 2.812716e-04
1.199608e+02 2.750047e-04
1.209320e+02 2.688754e-04
1.219110e+02 2.628807e-04
1.228980e+02 2.570177e-04
1.238929e+02 2.512835e-04
1.248959e+02 2.456753e-04
1.259070e+02 2.401905e-04
1.269263e+02 2.348262e-04
1.279539e+02 2.295798e-04
1.289898e+02 2.244489e-04
1.300340e+02 2.194309e-04
1.310867e+02 2.145233e-04
1.321480e+02 2.097237e-04
1.332178e+02 2.050297e-04
1.342963e+02 2.004392e-04
1.353835e+02 1.959497e-04
1.364795e+02 1.915592e-04
1.375844e+02 1.872654e-04
1.386983e+02 1.830663e-04
1.398211e+02 1.789597e-04
1.409531e+02 1.749438e-04
1.420942e+02 1.710163e-04
1.432445e+02 1.671756e-04
1.444042e+02 1.634195e-04
1.455732e+02 1.597464e-04
1.467518e+02 1.561544e-04
1.479398e+02 1.526416e-04
1.491375e+02 1.492065e-04
1.503448e+02 1.458472e-04
1.515620e+02 1.425622e-04
1.527890e+02 1.393497e-04
1.540259e+02 1.362083e-04
1.552729e+02 1.331363e-04
1.565299e+02 1.301323e-04
1.577971e+02 1.271947e-04
1.590746e+02 1.243222e-04
1.603624e+02 1.215132e-04
1.616606e+02 1.187664e-04
1.629694e+02 1.160805e-04
1.642887e+02 1.134540e-04
1.656188e+02 1.108858e-04
1.669596e+02 1.083745e-04
1.683112e+02 1.059189e-04
1.696738e+02 1.035177e-04
1.710474e+02 1.011699e-04
1.724322e+02 9.887411e-05
1.738281e+02 9.662931e-05
1.752354e+02 9.443437e-05
1.766540e+02 9.228818e-05
1.780842e+02 9.018968e-05
1.795259e+02 8.813781e-05
1.809793e+02 8.613156e-05
1.824444e+02 8.416993e-05
1.839214e+02 8.225193e-05
1.854104e+02 8.037661e-05
1.869114e+02 7.854302e-05
1.884246e+02 7.675027e-05
1.899500e+02 7.499744e-05
1.914878e+02 7.328366e-05
1.930380e+02 7.160807e-05
1.946008e+02 6.996985e-05
1.961762e+02 6.836816e-05
1.977644e+02 6.680220e-05
1.993654e+02 6.527119e-05
2.009794e+02 6.377436e-05
2.026065e+02 6.231097e-05
2.042467e+02 6.088027e-05
2.059002e+02 5.948155e-05
2.075671e+02 5.811411e-05
2.092475e+02 5.677725e-05
2.109415e+02 5.547031e-05
2.126492e+02 5.419264e-05
2.143708e+02 5.294357e-05
2.161063e+02 5.172250e-05
2.178558e+02 5.052880e-05
2.196195e+02 4.936186e-05
2.213974e+02 4.822111e-05
2.231898e+02 4.710595e-05
2.249967e+02 4.601584e-05
2.268182e+02 4.495021e-05
2.286544e+02 4.390852e-05
2.305055e+02 4.289025e-05
2.323716e+02 4.189488e-05
2.342528e+02 4.092191e-05
2.361493e+02 3.997084e-05
2.380610e+02 3.904120e-05
2.399883e+02 3.813249e-05
2.419312e+02 3.724428e-05
2.438898e+02 3.637609e-05
2.458642e+02 3.552750e-05
2.478547e+02 3.469807e-05
2.498612e+02 3.388737e-05
2.518840e+02 3.309499e-05
2.539232e+02 3.232053e-05
2.559789e+02 3.156360e-05
2.580512e+02 3.082379e-05
2.601403e+02 3.010075e-05
2.622463e+02 2.939409e-05
2.643694e+02 2.870345e-05
2.665096e+02 2.802848e-05
2.686672e+02 2.736883e-05
2.708422e+02 2.672417e-05
2.730349e+02 2.609416e-05
2.752453e+02 2.547848e-05
2.774736e+02 2.487681e-05
2.797199e+02 2.428884e-05
2.819844e+02 2.371427e-05
2.842673e+02 2.315280e-05
2.865686e+02 2.260414e-05
2.888886e+02 2.206801e-05
2.912273e+02 2.154413e-05
2.935850e+02 2.103223e-05
2.959618e+02 2.053204e-05
2.983578e+02 2.004330e-05
3.007732e+02 1.956576e-05
3.032081e+02 1.909917e-05
3.056628e+02 1.864328e-05
3.081374e+02 1.819786e-05
3.106320e+02 1.776268e-05
3.131467e+02 1.733751e-05
3.156819e+02 1.692212e-05
3.182375e+02 1.651630e-05
3.208139e+02 1.611983e-05
3.234111e+02 1.573250e-05
3.260293e+02 1.535412e-05
3.286687e+02 1.498447e-05
3.313295e+02 1.462338e-05
3.340119e+02 1.427064e-05
3.367159e+02 1.392606e-05
3.394418e+02 1.358948e-05
3.421899e+02 1.326070e-05
3.449601e+02 1.293956e-05
3.477528e+02 1.262588e-05
3.505681e+02 1.231950e-05
3.534062e+02 1.202026e-05
3.562672e+02 1.172800e-05
3.591515e+02 1.144256e-05
3.620590e+02 1.116379e-05
3.649901e+02 1.089154e-05
3.679450e+02 1.062567e-05
3.709238e+02 1.036602e-05
3.739266e+02 1.011247e-05
3.769538e+02 9.864872e-06
3.800055e+02 9.623095e-06
3.830819e+02 9.387008e-06
3.861832e+02 9.156483e-06
3.893096e+02 8.931394e-06
3.924614e+02 8.711618e-06
3.956386e+02 8.497036e-06
3.988416e+02 8.287529e-06
4.020704e+02 8.082983e-06
4.053255e+02 7.883286e-06
4.086069e+02 7.688326e-06
4.119148e+02 7.497997e-06
4.152495e+02 7.312193e-06
4.186113e+02 7.130812e-06
4.220002e+02 6.953752e-06
4.254166e+02 6.780916e-06
4.288606e+02 6.612209e-06
4.323325e+02 6.447538e-06
4.358325e+02 6.286813e-06
4.393609e+02 6.129944e-06
4.429178e+02 5.976844e-06
4.465035e+02 5.827428e-06
4.501183e+02 5.681611e-06
4.537623e+02 5.539312e-06
4.574358e+02 5.400450e-06
4.611391e+02 5.264947e-06
4.648723e+02 5.132727e-06
4.686358e+02 5.003713e-06
4.724297e+02 4.877832e-06
4.762543e+02 4.755012e-06
4.801099e+02 4.635182e-06
4.839967e+02 4.518273e-06
4.879150e+02 4.404218e-06
4.918650e+02 4.292950e-06
4.958470e+02 4.184405e-06
4.998612e+02 4.078518e-06
5.039079e+02 3.975229e-06
5.079874e+02 3.874476e-06
5.120999e+02 3.776200e-06
5.162457e+02 3.680343e-06
5.204250e+02 3.586848e-06
5.246382e+02 3.495660e-06
5.288855e+02 3.406724e-06
5.331672e+02 3.319988e-06
5.374836e+02 3.235402e-06
5.418348e+02 3.152914e-06
5.462214e+02 3.072476e-06
5.506434e+02 2.994039e-06
5.551012e+02 2.917557e-06
5.595951e+02 2.842984e-06
5.641254e+02 2.770275e-06
5.686924e+02 2.699384e-06
5.732964e+02 2.630271e-06
5.779376e+02 2.562891e-06
5.826164e+02 2.497204e-06
5.873331e+02 2.433170e-06
5.920879e+02 2.370748e-06
5.968813e+02 2.309900e-06
6.017134e+02 2.250588e-06
6.065847e+02 2.192776e-06
6.114954e+02 2.136427e-06
6.164459e+02 2.081505e-06
6.214364e+02 2.027976e-06
6.264674e+02 1.975806e-06
6.315390e+02 1.924963e-06
6.366518e+02 1.875413e-06
6.418059e+02 1.827125e-06
6.470017e+02 1.780068e-06
6.522397e+02 1.734213e-06
6.575200e+02 1.689528e-06
6.628430e+02 1.645987e-06
6.682092e+02 1.603559e-06
6.736188e+02 1.562217e-06
6.790722e+02 1.521935e-06
6.845698e+02 1.482686e-06
6.901118e+02 1.444443e-06
6.956987e+02 1.407183e-06
7.013309e+02 1.370879e-06
7.070086e+02 1.335509e-06
7.127323e+02 1.301048e-06
7.185024e+02 1.267474e-06
7.243191e+02 1.234765e-06
7.301830e+02 1.202898e-06
7.360943e+02 1.171852e-06
7.420535e+02 1.141608e-06
7.480609e+02 1.112143e-06
7.541170e+02 1.083440e-06
7.602221e+02 1.055478e-06
7.663766e+02 1.028238e-06
7.725809e+02 1.001702e-06
7.788355e+02 9.758534e-07
7.851407e+02 9.506733e-07
7.914969e+02 9.261449e-07
7.979046e+02 9.022518e-07
8.043642e+02 8.789778e-07
8.108761e+02 8.563069e-07
8.174406e+02 8.342239e-07
8.240584e+02 8.127136e-07
8.307297e+02 7.917611e-07
8.374550e+02 7.713518e-07
8.442348e+02 7.514716e-07
8.510694e+02 7.321065e-07
8.579594e+02 7.132431e-07
8.649052e+02 6.948682e-07
8.719071e+02 6.769692e-07
8.789658e+02 6.595334e-07
8.860816e+02 6.425490e-07
8.932551e+02 6.260039e-07
9.004866e+02 6.098869e-07
9.077766e+02 5.941867e-07
9.151257e+02 5.788924e-07
9.225342e+02 5.639935e-07
9.300028e+02 5.494796e-07
9.375318e+02 5.353407e-07
9.451217e+02 5.215671e-07
9.527731e+02 5.081492e-07
9.604865e+02 4.950778e-07
9.682622e+02 4.823438e-07
9.761010e+02 4.699385e-07
9.840032e+02 4.578533e-07
9.919693e+02 4.460798e-07
1.000000e+03 4.346101e-07
