# Transfer functions at z=99
# k/h[Mpc^-1]  T_cdm  T_baryon  T_photon  T_nu  T_total
 5.0000000e-05  2.3736995e+05  2.3736953e+05  3.1642666e+05  2.7238131e+05  2.3758594e+05
 6.9780621e-05  2.3736708e+05  2.3736625e+05  3.1635972e+05  2.7233103e+05  2.3758270e+05
 9.7386702e-05  2.3736147e+05  2.3735986e+05  3.1622938e+05  2.7223309e+05  2.3757639e+05
 1.3591409e-04  2.3735055e+05  2.3734747e+05  3.1597562e+05  2.7204250e+05  2.3756412e+05
 1.8968339e-04  2.3732930e+05  2.3732327e+05  3.1548191e+05  2.7167162e+05  2.3754028e+05
 2.6472450e-04  2.3728792e+05  2.3727617e+05  3.1452219e+05  2.7095066e+05  2.3749381e+05
 3.6945280e-04  2.3720742e+05  2.3718458e+05  3.1266012e+05  2.6955181e+05  2.3740347e+05
 5.1561293e-04  2.3705097e+05  2.3700647e+05  3.0906078e+05  2.6684747e+05  2.3722792e+05
 7.1959580e-04  2.3674750e+05  2.3666089e+05  3.0215322e+05  2.6165622e+05  2.3688773e+05
 1.0042768e-03  2.3616120e+05  2.3599272e+05  2.8908247e+05  2.5182838e+05  2.3623170e+05
 1.4015812e-03  2.3503705e+05  2.3470970e+05  2.6502553e+05  2.3371998e+05  2.3497806e+05
 1.9560642e-03  2.3291264e+05  2.3227798e+05  2.2311323e+05  2.0208883e+05  2.3262383e+05
 2.7299075e-03  2.2900547e+05  2.2778020e+05  1.5773964e+05  1.5240036e+05  2.2834242e+05
 2.8224380e-03  2.2847500e+05  2.2716691e+05  1.4999058e+05  1.4646577e+05  2.2776575e+05
 2.9181049e-03  2.2791398e+05  2.2651756e+05  1.4207878e+05  1.4039267e+05  2.2715702e+05
 3.0170144e-03  2.2732108e+05  2.2583048e+05  1.3402980e+05  1.3419809e+05  2.2651491e+05
 3.1192764e-03  2.2669488e+05  2.2510389e+05  1.2587312e+05  1.2790177e+05  2.2583812e+05
 3.2250047e-03  2.2603402e+05  2.2433608e+05  1.1764254e+05  1.2152632e+05  2.2512538e+05
 3.3343166e-03  2.2533709e+05  2.2352520e+05  1.0937604e+05  1.1509731e+05  2.2437539e+05
 3.4473336e-03  2.2460277e+05  2.2266945e+05  1.0111586e+05  1.0864317e+05  2.2358691e+05
 3.5641814e-03  2.2382967e+05  2.2176706e+05  9.2908273e+04  1.0219509e+05  2.2275870e+05
 3.6849897e-03  2.2301644e+05  2.2081619e+05  8.4803414e+04  9.5786805e+04  2.2188958e+05
 3.8098928e-03  2.2216183e+05  2.1981502e+05  7.6854734e+04  8.9454359e+04  2.2097841e+05
 3.9390296e-03  2.2126458e+05  2.1876180e+05  6.9118492e+04  8.3235594e+04  2.2002408e+05
 4.0725434e-03  2.2032448e+05  2.1765581e+05  6.1653020e+04  7.7774961e+04  2.1903031e+05
 4.2105828e-03  2.1933859e+05  2.1649344e+05  5.4517047e+04  7.1974625e+04  2.1798730e+05
 4.3533009e-03  2.1830673e+05  2.1527391e+05  4.7769434e+04  6.6413758e+04  2.1689833e+05
 4.5008566e-03  2.1722791e+05  2.1399566e+05  4.1466992e+04  6.1131004e+04  2.1576261e+05
 4.6534136e-03  2.1610128e+05  2.1265714e+05  3.5662938e+04  5.6162520e+04  2.1457936e+05
 4.8111416e-03  2.1492611e+05  2.1125689e+05  3.0404936e+04  5.1540793e+04  2.1334794e+05
 4.9742158e-03  2.1370170e+05  2.0979352e+05  2.5733021e+04  4.7293270e+04  2.1206777e+05
 5.1428174e-03  2.1242753e+05  2.0826575e+05  2.1677404e+04  4.3440988e+04  2.1073830e+05
 5.3171338e-03  2.1110291e+05  2.0667209e+05  1.8256209e+04  3.9755258e+04  2.0935731e+05
 5.4973586e-03  2.0972794e+05  2.0501189e+05  1.5473660e+04  3.6680977e+04  2.0792755e+05
 5.6836922e-03  2.0830219e+05  2.0328384e+05  1.3317929e+04  3.4007086e+04  2.0644714e+05
 5.8763416e-03  2.0682555e+05  2.0148703e+05  1.1759977e+04  3.1716518e+04  2.0491573e+05
 6.0755209e-03  2.0529797e+05  1.9962050e+05  1.0752800e+04  2.9781299e+04  2.0333298e+05
 6.2814513e-03  2.0371945e+05  1.9768336e+05  1.0231535e+04  2.8162932e+04  2.0169852e+05
 6.4943619e-03  2.0209014e+05  1.9567491e+05  1.0114656e+04  2.6914297e+04  2.0001267e+05
 6.7144890e-03  2.0041003e+05  1.9359420e+05  1.0306267e+04  2.5802059e+04  1.9827383e+05
 6.9420774e-03  1.9867930e+05  1.9144050e+05  1.0699931e+04  2.4847109e+04  1.9648217e+05
 7.1773799e-03  1.9689805e+05  1.8921303e+05  1.1183670e+04  2.3987447e+04  1.9463730e+05
 7.4206580e-03  1.9506638e+05  1.8691097e+05  1.1646310e+04  2.3163084e+04  1.9273880e+05
 7.6721820e-03  1.9318433e+05  1.8453347e+05  1.1984785e+04  2.2275014e+04  1.9078591e+05
 7.9322315e-03  1.9125189e+05  1.8207972e+05  1.2112045e+04  2.1356873e+04  1.8877875e+05
 8.2010954e-03  1.8926898e+05  1.7954884e+05  1.1964762e+04  2.0344492e+04  1.8671672e+05
 8.4790724e-03  1.8723552e+05  1.7693994e+05  1.1510169e+04  1.9225455e+04  1.8459950e+05
 8.7664715e-03  1.8515125e+05  1.7425220e+05  1.0750936e+04  1.8025500e+04  1.8242695e+05
 9.0636121e-03  1.8301600e+05  1.7148480e+05  9.7270898e+03  1.6737191e+04  1.8019873e+05
 9.3708243e-03  1.8082948e+05  1.6863702e+05  8.5140752e+03  1.5415140e+04  1.7791484e+05
 9.6884494e-03  1.7859153e+05  1.6570833e+05  7.2162720e+03  1.4110391e+04  1.7557534e+05
 1.0016840e-02  1.7630191e+05  1.6269838e+05  5.9558491e+03  1.2867293e+04  1.7318028e+05
 1.0356362e-02  1.7396055e+05  1.5960709e+05  4.8575322e+03  1.1751949e+04  1.7072998e+05
 1.0707393e-02  1.7156745e+05  1.5643470e+05  4.0306929e+03  1.0793659e+04  1.6822469e+05
 1.1070321e-02  1.6912275e+05  1.5318188e+05  3.5511255e+03  1.0013114e+04  1.6566473e+05
 1.1445551e-02  1.6662625e+05  1.4984917e+05  3.8298276e+03  9.3950049e+03  1.6304994e+05
 1.1833499e-02  1.6407867e+05  1.4643844e+05  3.5255815e+03  8.9109629e+03  1.6038100e+05
 1.2234597e-02  1.6148097e+05  1.4295212e+05  3.2432915e+03  8.5091328e+03  1.5765883e+05
 1.2649290e-02  1.5883389e+05  1.3939288e+05  2.9814954e+03  8.1341880e+03  1.5488406e+05
 1.3078039e-02  1.5613831e+05  1.3576395e+05  2.7388267e+03  7.7307686e+03  1.5205764e+05
 1.3521320e-02  1.5339531e+05  1.3206931e+05  2.5140139e+03  7.2640615e+03  1.4918086e+05
 1.3979627e-02  1.5060619e+05  1.2831373e+05  2.3058743e+03  6.7237095e+03  1.4625550e+05
 1.4453468e-02  1.4777250e+05  1.2450279e+05  2.1133057e+03  6.1315386e+03  1.4328384e+05
 1.4943370e-02  1.4489605e+05  1.2064307e+05  1.9352792e+03  5.5333452e+03  1.4026870e+05
 1.5449877e-02  1.4197897e+05  1.1674212e+05  1.7708285e+03  4.9828555e+03  1.3721341e+05
 1.5973553e-02  1.3902373e+05  1.1280859e+05  1.6190426e+03  4.5244058e+03  1.3412161e+05
 1.6514978e-02  1.3603319e+05  1.0885232e+05  1.4790604e+03  4.1748535e+03  1.3099734e+05
 1.7074755e-02  1.3301056e+05  1.0488434e+05  1.3500693e+03  3.9177080e+03  1.2784493e+05
 1.7653506e-02  1.2995957e+05  1.0091694e+05  1.2313053e+03  3.7092710e+03  1.2466913e+05
 1.8251873e-02  1.2688437e+05  9.6963719e+04  1.1220543e+03  3.4973096e+03  1.2147521e+05
 1.8870523e-02  1.2378962e+05  9.3039539e+04  1.0216534e+03  3.2451875e+03  1.1826915e+05
 1.9510141e-02  1.2068048e+05  8.9160562e+04  9.2948767e+02  2.9492505e+03  1.1505780e+05
 2.0171440e-02  1.1756267e+05  8.5344102e+04  8.4498499e+02  2.6390798e+03  1.1184878e+05
 2.0855153e-02  1.1444240e+05  8.1608570e+04  7.6760974e+02  2.3589800e+03  1.0865047e+05
 2.1562041e-02  1.1132645e+05  7.7973344e+04  6.9685620e+02  2.1404570e+03  1.0547173e+05
 2.2292889e-02  1.0822209e+05  7.4458469e+04  6.3224500e+02  1.9827097e+03  1.0232179e+05
 2.3048508e-02  1.0513705e+05  7.1084453e+04  5.7332330e+02  1.8547532e+03  9.9210102e+04
 2.3829740e-02  1.0207944e+05  6.7871789e+04  5.1966534e+02  1.7190620e+03  9.6146430e+04
 2.4637452e-02  9.9057578e+04  6.4840547e+04  4.7087341e+02  1.5595643e+03  9.3140781e+04
 2.5472541e-02  9.6069594e+04  6.1999105e+04  4.2653348e+02  1.3914751e+03  9.0192961e+04
 2.6335936e-02  9.3122891e+04  5.9363820e+04  3.8629932e+02  1.2451158e+03  8.7311914e+04
 2.7228596e-02  9.0236820e+04  5.6961301e+04  3.4988385e+02  1.1368890e+03  8.4518094e+04
 2.8151512e-02  8.7421578e+04  5.4806090e+04  3.1697607e+02  1.0551447e+03  8.1822250e+04
 2.9105711e-02  8.4685977e+04  5.2908102e+04  2.8727759e+02  9.7426105e+02  7.9233148e+04
 3.0092252e-02  8.2036805e+04  5.1271355e+04  2.6050381e+02  8.8108087e+02  7.6757008e+04
 3.1112232e-02  7.9478359e+04  4.9893004e+04  2.3638409e+02  7.8598596e+02  7.4397078e+04
 3.2166785e-02  7.7012359e+04  4.8762680e+04  2.1466106e+02  7.0826196e+02  7.2153297e+04
 3.3257082e-02  7.4638016e+04  4.7862234e+04  1.9509077e+02  6.5356409e+02  7.0022219e+04
 3.4384334e-02  7.2352523e+04  4.7165977e+04  1.7744447e+02  6.0822150e+02  6.7997414e+04
 3.5549795e-02  7.0151562e+04  4.6641402e+04  1.6151094e+02  5.5561542e+02  6.6070109e+04
 3.6754759e-02  6.8030570e+04  4.6249875e+04  1.4709924e+02  4.9647162e+02  6.4230496e+04
 3.8000566e-02  6.5984336e+04  4.5947996e+04  1.3403691e+02  4.4809833e+02  6.2467551e+04
 3.9288600e-02  6.4007777e+04  4.5688609e+04  1.2216930e+02  4.1822812e+02  6.0769746e+04
 4.1140452e-02  6.1431758e+04  4.5360184e+04  1.0755711e+02  3.7498068e+02  5.8558488e+04
 4.2992304e-02  5.9024855e+04  4.4863324e+04  9.5114532e+01  3.2183902e+02  5.6462809e+04
 4.4844155e-02  5.6783086e+04  4.4143707e+04  8.4431252e+01  2.9537256e+02  5.4471156e+04
 4.6696007e-02  5.4655375e+04  4.3129328e+04  7.5137650e+01  2.6049484e+02  5.2529301e+04
 4.8547859e-02  5.2606066e+04  4.1792746e+04  6.6974113e+01  2.2071954e+02  5.0603105e+04
 5.0399711e-02  5.0612609e+04  4.0145262e+04  5.9756123e+01  2.0172685e+02  4.8675574e+04
 5.2251563e-02  4.8666367e+04  3.8233078e+04  5.3352222e+01  1.6742232e+02  4.6746422e+04
 5.4103415e-02  4.6769496e+04  3.6127902e+04  4.7668331e+01  1.4424298e+02  4.4828758e+04
 5.5955267e-02  4.4930500e+04  3.3916312e+04  4.2631565e+01  1.4011491e+02  4.2943203e+04
 5.7807119e-02  4.3159605e+04  3.1688688e+04  3.8180092e+01  1.2329486e+02  4.1112188e+04
 5.9658971e-02  4.1465887e+04  2.9530426e+04  3.4259224e+01  1.2084812e+02  3.9356742e+04
 6.1510823e-02  3.9856414e+04  2.7516127e+04  3.0817158e+01  1.1837595e+02  3.7694305e+04
 6.3362674e-02  3.8336809e+04  2.5706205e+04  2.7805185e+01  1.0180374e+02  3.6138875e+04
 6.5214526e-02  3.6911883e+04  2.4144955e+04  2.5178011e+01  9.5516228e+01  3.4701527e+04
 6.7066378e-02  3.5585715e+04  2.2859365e+04  2.2892305e+01  8.1939941e+01  3.3389766e+04
 6.8918230e-02  3.4360836e+04  2.1858314e+04  2.0907282e+01  7.0377464e+01  3.2207137e+04
 7.0770082e-02  3.3237145e+04  2.1132682e+04  1.9183943e+01  7.2331261e+01  3.1152223e+04
 7.2621934e-02  3.2211137e+04  2.0656729e+04  1.7684717e+01  6.3768517e+01  3.0217941e+04
 7.4473786e-02  3.1275879e+04  2.0391010e+04  1.6374737e+01  5.6888287e+01  2.9392416e+04
 7.6325638e-02  3.0421557e+04  2.0286357e+04  1.5221867e+01  5.5471329e+01  2.8659805e+04
 7.8177490e-02  2.9636410e+04  2.0288350e+04  1.4197287e+01  4.9753983e+01  2.8001740e+04
 8.0029342e-02  2.8907564e+04  2.0341662e+04  1.3276174e+01  4.8998077e+01  2.7398889e+04
 8.1881193e-02  2.8221793e+04  2.0393879e+04  1.2437484e+01  4.5574024e+01  2.6831963e+04
 8.3733045e-02  2.7566174e+04  2.0398809e+04  1.1664165e+01  4.0142979e+01  2.6282963e+04
 8.5584897e-02  2.6928971e+04  2.0319238e+04  1.0943025e+01  4.0390423e+01  2.5736316e+04
 8.7436749e-02  2.6300588e+04  2.0129113e+04  1.0264330e+01  3.7102139e+01  2.5179867e+04
 8.9288601e-02  2.5674434e+04  1.9814832e+04  9.6217499e+00  3.3713932e+01  2.4606000e+04
 9.1140453e-02  2.5047344e+04  1.9375398e+04  9.0117311e+00  3.3467815e+01  2.4011930e+04
 9.2992305e-02  2.4419324e+04  1.8821227e+04  8.4327755e+00  3.0491606e+01  2.3399236e+04
 9.4844157e-02  2.3792695e+04  1.8171820e+04  7.8848181e+00  2.8155338e+01  2.2772922e+04
 9.6696009e-02  2.3170982e+04  1.7452840e+04  7.3684282e+00  2.7194815e+01  2.2139930e+04
 9.8547861e-02  2.2557984e+04  1.6693164e+04  6.8842902e+00  2.5068272e+01  2.1507918e+04
 1.0039971e-01  2.1957348e+04  1.5922414e+04  6.4329462e+00  2.3590002e+01  2.0884553e+04
 1.0225156e-01  2.1372611e+04  1.5169093e+04  6.0146384e+00  2.2781145e+01  2.0277232e+04
 1.0410342e-01  2.0807475e+04  1.4459194e+04  5.6292911e+00  2.1562603e+01  1.9693090e+04
 1.0595527e-01  2.0265918e+04  1.3815006e+04  5.2764964e+00  2.0863651e+01  1.9138928e+04
 1.0780712e-01  1.9751918e+04  1.3253894e+04  4.9554191e+00  2.0142139e+01  1.8620775e+04
 1.0965897e-01  1.9268809e+04  1.2787144e+04  4.6647015e+00  1.8188658e+01  1.8143178e+04
 1.1151082e-01  1.8818537e+04  1.2419144e+04  4.4024143e+00  1.6939978e+01  1.7708457e+04
 1.1336268e-01  1.8401145e+04  1.2147166e+04  4.1660495e+00  1.5687746e+01  1.7316221e+04
 1.1521453e-01  1.8014740e+04  1.1962010e+04  3.9526739e+00  1.3700748e+01  1.6963449e+04
 1.1706638e-01  1.7656014e+04  1.1849429e+04  3.7591748e+00  1.3578502e+01  1.6645172e+04
 1.1891823e-01  1.7320627e+04  1.1791646e+04  3.5823989e+00  1.3060570e+01  1.6354974e+04
 1.2077008e-01  1.7004359e+04  1.1769683e+04  3.4194744e+00  1.1684566e+01  1.6086364e+04
 1.2262194e-01  1.6703199e+04  1.1764611e+04  3.2678645e+00  1.1999169e+01  1.5833059e+04
 1.2447379e-01  1.6413561e+04  1.1758850e+04  3.1253932e+00  1.1164468e+01  1.5589298e+04
 1.2632564e-01  1.6132194e+04  1.1736992e+04  2.9902766e+00  1.0261615e+01  1.5349975e+04
 1.2817749e-01  1.5856110e+04  1.1686401e+04  2.8610830e+00  1.0621331e+01  1.5110623e+04
 1.3002934e-01  1.5582611e+04  1.1597739e+04  2.7367063e+00  9.4825773e+00  1.4867519e+04
 1.3188119e-01  1.5309486e+04  1.1465350e+04  2.6163940e+00  9.2193136e+00  1.4617937e+04
 1.3373305e-01  1.5035243e+04  1.1287494e+04  2.4997101e+00  9.2685728e+00  1.4360359e+04
 1.3558490e-01  1.4759306e+04  1.1066274e+04  2.3865130e+00  8.0869608e+00  1.4094617e+04
 1.3743675e-01  1.4482011e+04  1.0807222e+04  2.2769203e+00  8.2913771e+00  1.3821868e+04
 1.3928860e-01  1.4204459e+04  1.0518554e+04  2.1712017e+00  7.9308891e+00  1.3544300e+04
 1.4114045e-01  1.3928245e+04  1.0210263e+04  2.0697188e+00  7.0434928e+00  1.3264803e+04
 1.4299231e-01  1.3655183e+04  9.8931367e+03  1.9728475e+00  7.3508577e+00  1.2986581e+04
 1.4484416e-01  1.3387105e+04  9.5779043e+03  1.8809078e+00  6.7082248e+00  1.2712830e+04
 1.4669601e-01  1.3125756e+04  9.2745166e+03  1.7941504e+00  6.2895389e+00  1.2446561e+04
 1.5256308e-01  1.2359064e+04  8.4783574e+03  1.5545501e+00  5.7060370e+00  1.1680019e+04
 1.5866481e-01  1.1682410e+04  8.0027158e+03  1.3586024e+00  5.0560946e+00  1.1038762e+04
 1.6501057e-01  1.1094079e+04  7.7988594e+03  1.1981293e+00  4.3570147e+00  1.0513779e+04
 1.7161013e-01  1.0550297e+04  7.6457939e+03  1.0588914e+00  3.7868149e+00  1.0034042e+04
 1.7847364e-01  1.0004709e+04  7.3318730e+03  9.3003494e-01  3.3271265e+00  9.5278037e+03
 1.8561165e-01  9.4406699e+03  6.8188320e+03  8.0927837e-01  3.0644386e+00  8.9751660e+03
 1.9303515e-01  8.8841182e+03  6.2608711e+03  7.0120549e-01  2.4402497e+00  8.4218252e+03
 2.0075555e-01  8.3739248e+03  5.8436118e+03  6.1015576e-01  2.3644397e+00  7.9292158e+03
 2.0878472e-01  7.9221108e+03  5.6012729e+03  5.3492635e-01  1.8910687e+00  7.5127261e+03
 2.1713501e-01  7.5043535e+03  5.4017031e+03  4.6990281e-01  1.7309000e+00  7.1314385e+03
 2.2581928e-01  7.0898979e+03  5.1125312e+03  4.1054958e-01  1.5715545e+00  6.7390005e+03
 2.3485087e-01  6.6761611e+03  4.7513584e+03  3.5662618e-01  1.2994127e+00  6.3359795e+03
 2.4424368e-01  6.2874946e+03  4.4379893e+03  3.1011653e-01  1.1150786e+00  5.9614067e+03
 2.5401215e-01  5.9347729e+03  4.2173276e+03  2.7096274e-01  9.9864221e-01  5.6313750e+03
 2.6417131e-01  5.6050308e+03  4.0171274e+03  2.3694064e-01  8.8124657e-01  5.3237891e+03
 2.7473678e-01  5.2824800e+03  3.7757217e+03  2.0635708e-01  7.3841476e-01  5.0158335e+03
 2.8572481e-01  4.9721191e+03  3.5308804e+03  1.7938849e-01  6.2576139e-01  4.7175640e+03
 2.9715231e-01  4.6849531e+03  3.3322566e+03  1.5632513e-01  5.8946037e-01  4.4459238e+03
 3.0903685e-01  4.4163755e+03  3.1550833e+03  1.3634825e-01  5.1167035e-01  4.1932017e+03
 3.2139671e-01  4.1582910e+03  2.9660891e+03  1.1866298e-01  4.4268405e-01  3.9474412e+03
 3.3425090e-01  3.9131299e+03  2.7845786e+03  1.0320351e-01  3.9927778e-01  3.7136802e+03
 3.4761918e-01  3.6841523e+03  2.6263640e+03  8.9863747e-02  3.1110629e-01  3.4971069e+03
 3.6152213e-01  3.4675322e+03  2.4737063e+03  7.8208782e-02  2.9745343e-01  3.2917590e+03
 3.7598113e-01  3.2615996e+03  2.3236917e+03  6.7999765e-02  2.6326069e-01  3.0957832e+03
 3.9101841e-01  3.0680781e+03  2.1868618e+03  5.9145309e-02  2.2531626e-01  2.9122620e+03
 4.0665710e-01  2.8855410e+03  2.0576516e+03  5.1434103e-02  2.0492394e-01  2.7391350e+03
 4.2292126e-01  2.7127690e+03  1.9334646e+03  4.4703245e-02  1.8325672e-01  2.5749758e+03
 4.3983590e-01  2.5501270e+03  1.8180509e+03  3.8855150e-02  1.4627318e-01  2.4206733e+03
 5.4967323e-01  1.7873495e+03  1.2743573e+03  1.7437469e-02  6.1441880e-02  1.6966340e+03
 6.8693951e-01  1.2452828e+03  8.8795190e+02  7.7790776e-03  3.2151740e-02  1.1820922e+03
 8.5848440e-01  8.6296375e+02  6.1538000e+02  3.4517222e-03  1.4029648e-02  8.1917993e+02
 1.0728681e+00  5.9513892e+02  4.2441821e+02  1.5242031e-03  5.1180073e-03  5.6494733e+02
 1.3407883e+00  4.0864731e+02  2.9143729e+02  6.7012047e-04  2.8100028e-03  3.8791864e+02
 1.6756146e+00  2.7948557e+02  1.9932985e+02  2.9345532e-04  1.1694416e-03  2.6530984e+02
 2.0940548e+00  1.9046320e+02  1.3584293e+02  1.2804741e-04  4.7590036e-04  1.8080338e+02
 2.6169894e+00  1.2937292e+02  9.2273911e+01  5.5690256e-05  2.3723762e-04  1.2281176e+02
 3.2705129e+00  8.7615166e+01  6.2491390e+01  2.4148489e-05  1.0565487e-04  8.3171867e+01
 4.0872366e+00  5.9174007e+01  4.2205791e+01  1.0442753e-05  5.5952834e-05  5.6173077e+01
 5.1079153e+00  3.9865360e+01  2.8433479e+01  4.5045472e-06  2.1885526e-05  3.7843575e+01
 6.3834814e+00  2.6795500e+01  1.9110811e+01  1.9385898e-06  6.0322209e-06  2.5436436e+01
 7.9775863e+00  1.7972466e+01  1.2817186e+01  8.3252326e-07  2.5910829e-06  1.7060757e+01
 9.9697765e+00  1.2031046e+01  8.5789299e+00  3.5682126e-07  8.2848044e-07  1.1420566e+01
 1.2459463e+01  8.0391817e+00  5.7312646e+00  1.5265410e-07  2.8338349e-07  7.6310701e+00
 1.5570883e+01  5.3627801e+00  3.8219247e+00  6.5196076e-08  4.5287700e-07  5.0903363e+00
 1.9459297e+01  3.5718093e+00  2.5441804e+00  2.7799198e-08  2.1893614e-07  3.3901401e+00
 2.4318740e+01  2.3754857e+00  1.6906173e+00  1.1835163e-08  1.0409734e-07  2.2544422e+00
 3.0391699e+01  1.5776932e+00  1.1213456e+00  5.0311604e-09  8.4030483e-10  1.4970702e+00
 3.7981218e+01  1.0464879e+00  7.4224746e-01  2.1355977e-09  9.3348174e-09  9.9277067e-01
 4.7466018e+01  6.9329423e-01  4.9013984e-01  9.0513141e-10 -5.5081522e-09  6.5745872e-01
 5.9319394e+01  4.5877224e-01  3.2269487e-01  3.8299847e-10  1.9723982e-09  4.3480346e-01
 7.4132836e+01  3.0324286e-01  2.1161005e-01  1.6176414e-10 -5.2263915e-10  2.8713769e-01
 9.2645542e+01  2.0021968e-01  1.3799572e-01  6.8172135e-11  5.3501736e-10  1.8931849e-01
 1.1578130e+02  1.3205145e-01  8.9267410e-02  2.8649328e-11  2.3987323e-10  1.2459067e-01
 1.4469461e+02  8.6992502e-02  5.7057511e-02  1.1995389e-11  9.7637405e-11  8.1805691e-02
 1.8082824e+02  5.7237968e-02  3.5815444e-02  4.9974105e-12 -3.1438317e-11  5.3557064e-02
 2.2598529e+02  3.7608560e-02  2.1871280e-02  2.0680617e-12  2.5464042e-11  3.4931909e-02
 2.8241911e+02  2.4671750e-02  1.2809613e-02  8.4846301e-13 -2.0779890e-11  2.2676881e-02
 3.5294578e+02  1.6155524e-02  7.0485589e-03  3.4463532e-13 -3.7949058e-12  1.4641186e-02
 4.4108461e+02  1.0557839e-02  3.5495295e-03  1.3873806e-13  5.1691563e-12  9.4040399e-03
 5.5123376e+02  6.8865540e-03  1.6054491e-03  5.5697902e-14  1.8233167e-12  6.0237087e-03
 6.8888975e+02  4.4861557e-03  6.7989499e-04  2.2559740e-14 -3.3425685e-13  3.8672204e-03
 8.6092166e+02  2.9222383e-03  3.1358338e-04  9.2847610e-15 -1.2328628e-14  2.4989857e-03
 1.0759140e+03  1.9054825e-03  1.5429840e-04  3.8414011e-15 -3.6259946e-13  1.6217007e-03
 1.3445949e+03  1.2437651e-03  6.2592982e-05  1.5838523e-15 -3.0069098e-13  1.0526106e-03
 1.6803717e+03  8.1221957e-04  2.8564411e-05  6.5887665e-16  2.5093905e-13  6.8547705e-04
 2.0999999e+03  5.3058442e-04  1.1633932e-05  2.7397797e-16  1.5393688e-13  4.4669822e-04
