DGS      Haro11         7.01 6.54 11.30   0.09 1.4E+2 2.5E+3 35.5    10.75 3.86E+5 1.95 
DGS      Haro2          6.24 5.85  9.80   0.54 2.4E+1 9.4E+2 27.9     3.02 8.35E+5 2.10 
DGS      Haro3          6.36 5.96  9.74   0.36 1.6E+1 6.7E+2 26.0     1.95 6.60E+5 2.10 
DGS      He2-10         6.21 5.80  9.74   0.50 2.2E+1 7.7E+2|26.7     2.14 3.77E+5 2.03 
DGS      HS0017+1055    4.96 4.49  8.99 <=0.05 7.2E+1 4.1E+3|30.3     4.19 2.39E+6 1.96 
DGS      HS0052+2536    6.97 7.47 10.21   0.17 1.1E+1 2.9E+2|25.4     1.79 2.01E+5 2.15 
DGS      HS0822+3542    3.80 3.44  7.02 <=0.00c1.1E+1 2.1E+2|25.6     1.90 9.97E+4 2.16 
DGS      HS1222+3741    5.80 4.96  9.37 <=0.17 2.4E+1 1.2E+3|27.3     2.56 1.03E+6 2.06 
DGS      HS1236+3937     
DGS      HS1304+3529    5.64 5.28  9.23 <=0.00c2.5E+1 3.6E+2|30.3     5.74 2.44E+5 2.28 
DGS      HS1319+3224    4.90 4.49  8.39 <=0.00c2.0E+1 5.9E+2|27.3     2.65 3.67E+5 2.11 
DGS      HS1330+3651    6.10 5.92  9.13 <=0.13 6.8    5.4E+1|24.1     1.38 8.57E+3 2.21 
DGS      HS1442+4250    3.99 3.79  7.61 <=0.20 2.7E+1 7.3E+1|25.3     0.25 5.35E+2 1.29 
DGS      HS2352+2733  >=4.00a---   8.98b  ---  ---    ---   |51.6a
DGS      IZw18          2.86 2.75  7.46 <=0.03 2.4E+2 5.3E+2|48.6   204.65 4.31E+1 1.00 100.
DGS      IC 10          5.49 5.08  8.22   0.29 3.6    2.2   |21.2     0.65 9.52E+5 2.21 
DGS      IIZw40         5.75 5.33  9.46   0.18 3.0E+1 5.1E+2|28.2     2.59 5.67E+3 1.91 113.
DGS      Mrk 1089       7.43 7.05 10.57   0.40 8.7    1.4   |24.3     1.38 4.57E+4 2.14 
DGS      Mrk 1450       4.67 4.29  8.48   0.12 3.8E+1 3.1E+2|29.4     2.35 1.16E+3 1.66 100.
DGS      Mrk 153        5.21 5.16  9.02 <=0.00 7.7E+1 6.3E+2|36.6    17.48 1.37E+5 2.26 
DGS      Mrk 209        3.68 3.31  7.47 <=0.03 4.1E+1 7.9E+2|31.0     5.73 2.68E+5 2.10 
DGS      Mrk 930        7.25 6.77 10.30   0.10 6.8    1.2E+2|20.4     0.28 1.21E+3 1.75 105.
DGS      NGC 1140       6.63 6.25  9.57   0.47 5.6    1.3E+2|22.8     0.96 7.97E+4 2.17 
DGS      NGC 1569       5.56 5.12  9.10   0.16 2.1E+1 2.0E+2|28.4     3.22 3.05E+3 2.05 100.
DGS      NGC 1705       5.26 5.74  7.81   0.11 2.3    1.3E+1|17.7     0.12 3.16E+2 1.74 
DGS      NGC 2366       5.31 4.87  8.20   0.07 5.0    6.6E+1|18.9     0.19 4.43E+3 1.80 
DGS      NGC 4214       6.32 5.87  8.75   0.40 1.7    2.6E+1|17.6     0.17 3.75E+3 1.99 
DGS      NGC 4449       6.53 6.15  9.36   0.66 4.1    4.5E+1|22.4     0.92 1.60E+4 2.26 
DGS      NGC 4861       5.72 5.30  8.54   0.10 4.3    1.7E+2|19.5     0.30 7.13E+4 1.97 
DGS      NGC 5253       5.78 5.38  9.22   0.22 1.7E+1 7.0E+2|25.2     1.48 3.71E+5 2.01 
DGS      NGC 625        5.73 5.31  8.45   0.26 3.4    2.3E+2|20.0     0.41 4.31E+5 2.10 
DGS      NGC 6822       5.87 5.51  7.56 <=0.21 3.1E-1 2.4   |11.9     0.01 7.72E+1 1.71 
DGS      Pox186         5.28 4.93  7.75 <=0.00c1.9    1.9E+2|16.7     0.12 9.99E+4 1.99 147.
DGS      SBS0335-052    3.46 3.29  9.24 <=0.24 2.7E+3 5.9E+4|64.4  1088.17 1.00    1.00 123., 273
DGS      SBS1159+545    4.81 4.49  8.30 <=0.12 2.1E+1 1.3E+3|25.0     1.38 1.01E+6 1.98 150.
DGS      SBS1211+540    3.38 3.13  7.35 <=0.18 6.1E+1 1.9E+3|34.9    13.38 4.86E+6 2.27 
DGS      SBS1249+493    5.69 5.05  8.98 <=0.00 1.2E+1 4.0E+2|25.7     1.95 3.91E+5 2.15 
DGS      SBS1415+437    3.82 3.58  7.82 <=0.64 6.7E+1 1.0E+3|35.3    13.83 5.87E+5 2.23 
DGS      SBS1533+574    5.89 5.62  9.32   0.16 1.5E+1 2.1E+2|27.2     2.99 5.51E+3 2.26 100.
DGS      Tol0618-402               8.90b                                   
DGS      Tol1214-277    5.77 5.02  8.95 <=0.98 7.7    2.2E+2|20.0     0.01 4.45E+1 1.00 102.
DGS      UGC 4483       2.44 2.14  6.42 <=0.00 2.4E+1 2.4E+2|36.3    18.90 2.37E+5 2.45 
DGS      UGCA 20         
DGS      UM133          4.50 4.16  8.06 <=0.00c2.4E+1 2.4E+2|30.5     6.31 1.46E+5 2.35 
DGS      UM311          7.70 6.92  9.73   0.53 6.5E-1 1.5   |14.4     0.01 9.36    1.27 
DGS      UM448          7.23 6.82 10.95   0.33 3.4E+1 8.5E+2|30.9     6.05 7.26E+5 2.19 
DGS      UM461          4.22 3.84  7.86 <=0.04 2.7E+1 7.9E+2|27.7     2.68 1.53E+5 2.03 150.
DGS      VIIZw403       4.06 3.66  7.30 <=0.00c1.1E+1 8.3E+1|25.8     1.94 8.28E+3 2.13 
KINGFISH NGC 0337       7.28 6.87 10.06   0.52 3.8    4.7E+1|22.2     0.89 2.54E+4 2.28 
KINGFISH NGC 0584        
KINGFISH NGC 0628       7.46 7.08  9.81   1.42 1.3    2.4   |19.5     0.46 7.40E+1 2.50 
KINGFISH NGC 0855       6.18 5.76  8.59   0.16 1.7    1.2E+1|17.1     0.12 4.72E+2 1.85 
KINGFISH NGC 0925       7.89 7.49  9.53   0.79 2.7E-1 8.1E-1|12.6     0.01 7.87    1.51 
KINGFISH NGC 1097       7.93 7.54 10.62   0.83 3.0    2.0E+2|21.0     0.64 1.87E+6 2.26 
KINGFISH NGC 1266       6.92 6.55 10.45   0.12 2.2E+1 9.9E+2|29.6     5.02 6.17E+6 2.29 
KINGFISH NGC 1291       7.29 6.86  9.33 <=0.00c7.0E-1 1.7   |17.5     0.24 1.04E+2 2.50 
KINGFISH NGC 1316        
KINGFISH NGC 1377       6.53 6.03 10.17   0.73 2.6E+1 2.0E+2|26.1     1.33 7.28E+3 1.79 
KINGFISH NGC 1404        
KINGFISH IC 0342        7.60 7.23 10.20   1.58 2.2    3.9E+1|21.1     0.74 6.18E+5 2.50 
KINGFISH NGC 1482       7.40 7.01 10.71   0.90 1.2E+1 5.1E+2|26.7     2.67 2.14E+6 2.27 
KINGFISH NGC 1512       7.73 7.26  9.50   0.50 3.7E-1 1.7   |13.9     0.03 4.13E+1 1.85 
KINGFISH NGC 2146       7.65 7.26 11.13   1.04 1.7E+1 2.4E+2|29.1     4.80 3.89E+5 2.37 
KINGFISH HoII           4.92 4.52  7.71 <=0.00c4.2    1.8E+2|21.8     0.75 3.83E+5 2.20 
KINGFISH DDO053         4.04 3.67  7.06   0.13 6.7    1.9E+2|24.4     1.57 5.23E+5 2.30 
KINGFISH NGC 2798       7.11 6.73 10.60   0.53 2.0E+1 1.4E+3|28.0     3.37 6.04E+6 2.19 
KINGFISH NGC 2841       7.78 7.42  9.95   0.80 8.8E-1 2.6E-1|19.2     0.58 1.00    2.50 
KINGFISH NGC 2915       5.66 5.28  7.58   0.36 5.2E-1 3.0   |12.5     0.01 6.00E+1 1.58 
KINGFISH HoI            5.44 5.15  7.08   0.18 2.8E-1 4.5   |11.5     0.01 3.85E+2 1.80 
KINGFISH NGC 2976       6.33 5.95  8.86   0.89 2.0    3.3   |21.0     0.72 7.60E+1 2.50 
KINGFISH NGC 3049       7.17 6.76  9.57   0.86 1.5    3.5E+1|16.5     0.11 6.99E+3 1.95 
KINGFISH NGC 3077       6.55 5.78  8.86   0.66 1.3    3.7   |14.8     0.01 2.98E+1 1.30 
KINGFISH M81dwB         5.03 4.66  6.65 <=0.21 2.7E-1 1.4   |12.0     0.01 2.90E+1 1.67 
KINGFISH NGC 3190       7.25 6.89  9.81   1.16 2.1    3.0   |21.3     0.79 4.86E+1 2.50 
KINGFISH NGC 3184       7.58 7.25  9.90   1.15 1.2    1.0   |19.8     0.53 7.56    2.50 
KINGFISH NGC 3198       7.96 7.26  9.86   1.12 4.8E-1 9.6E-1|14.1     0.01 5.62    1.25 
KINGFISH IC 2574        6.54 6.06  8.31 <=0.06 3.8E-1 4.1   |13.2     0.03 2.75E+2 1.88 
KINGFISH NGC 3265       6.42 5.99  9.43   0.85 6.2    9.0E-1|22.2     0.71 1.49E+4 2.03 
KINGFISH NGC 3351       7.28 6.88  9.83   0.53 2.1    4.5E+1|20.9     0.71 1.26E+6 2.50 
KINGFISH NGC 3521       7.91 7.54 10.49   1.56 2.1    1.8   |21.7     0.94 1.38E+1 2.50 
KINGFISH NGC 3621       7.57 6.98  9.84   1.56 1.1    1.6   |17.1     0.02 6.64    1.00 
KINGFISH NGC 3627       7.60 7.25 10.40   1.15 3.7    1.1E+2|22.9     1.22 7.64E+6 2.50 
KINGFISH NGC 3773       5.96 5.54  8.77   0.88 3.9    7.7E+1|21.4     0.66 3.97E+4 2.17 
KINGFISH NGC 3938       7.72 7.34 10.20   1.25 1.7    2.8   |20.5     0.63 6.19E+1 2.50 
KINGFISH NGC 4236       7.06 6.25  8.62 <=0.17 2.4E-1 1.2   |11.9     0.01 2.48E+1 1.68 
KINGFISH NGC 4254       7.81 7.46 10.55   1.64 3.0    6.8E+1|22.2     1.01 2.33E+6 2.50 
KINGFISH NGC 4321       7.88 7.55 10.45   1.25 2.1    1.1   |21.9     1.09 5.73    2.50 
KINGFISH NGC 4536       7.60 7.19 10.34   0.91 3.3    4.8E+1|20.8     0.53 1.35E+4 2.14 
KINGFISH NGC 4559       7.46 7.00  9.39   1.12 5.2E-1 1.4   |13.7     0.01 1.06E+1 1.36 
KINGFISH NGC 4569       7.18 6.79  9.71   1.52 1.8    4.2E+1|20.4     0.61 1.51E+6 2.50 
KINGFISH NGC 4579       7.59 7.22 10.00   1.41 1.5    3.9E+1|19.6     0.49 2.20E+6 2.50 
KINGFISH NGC 4594       7.28 6.96  9.48   0.87 9.9E-1 3.6E-1|19.5     0.48 1.27    1.00 
KINGFISH NGC 4625       6.63 6.01  8.68   1.43 6.6E-1 1.0   |15.4     0.01 4.76    1.07 
KINGFISH NGC 4631       7.59 7.20 10.32   0.98 3.1    1.7E+1|22.3     1.05 8.47E+3 2.50 
KINGFISH NGC 4725        
KINGFISH NGC 4736        
KINGFISH DDO154          
KINGFISH NGC 4826       6.60 6.31  9.58   0.96 5.5    1.2   |26.1     3.95 4.53    2.42 
KINGFISH DDO165          
KINGFISH NGC 5055       7.76 7.46 10.23   1.41 1.7    6.6E-1|21.2     0.98 2.77    2.50 
KINGFISH NGC 5398       6.78 6.43  8.57   0.66 3.6E-1 2.4   |12.1     0.01 6.34E+1 1.66 
KINGFISH NGC 5408       5.64 5.20  8.29   0.01 3.0    4.2E+1|13.0     0.01 1.93E+3 1.55 
KINGFISH NGC 5457       8.16 7.53 10.27   0.85 7.9E-1 1.2   |15.9     0.01 5.40    1.04 
KINGFISH NGC 5474       6.79 6.36  8.65   0.95 4.4E-1 3.8   |14.2     0.04 2.52E+2 1.96 
KINGFISH NGC 5713       7.43 7.04 10.51   0.57 7.6    2.8E+2|24.6     1.61 9.18E+5 2.26 
KINGFISH NGC 5866       6.78 6.45  9.68   0.82 4.8    5.2E-1|25.6     4.00 1.84    2.37 
KINGFISH NGC 6946       7.85 7.47 10.51   1.25 2.5    5.5E+1|21.6     0.85 1.65E+6 2.50 
KINGFISH NGC 7331       8.08 7.72 10.65   1.24 2.1    2.2   |21.5     0.87 2.10E+1 2.50 
KINGFISH NGC 7793       7.24 6.79  9.18   0.94 5.5E-1 1.2   |14.2     0.01 7.65    1.27 
